252.0
251.0
245.0
253.0
252.0
246.0
236.0
246.0
243.0
234.0
244.0
241.0
236.0
238.0
245.0
232.0
234.0
241.0
228.0
226.0
240.0
229.0
227.0
241.0
216.0
220.0
241.0
213.0
217.0
238.0
210.0
209.0
234.0
215.0
214.0
239.0
211.0
199.0
226.0
212.0
200.0
227.0
200.0
194.0
220.0
203.0
197.0
223.0
196.0
190.0
221.0
192.0
186.0
217.0
189.0
182.0
216.0
188.0
181.0
215.0
184.0
175.0
214.0
182.0
173.0
212.0
177.0
167.0
210.0
171.0
161.0
204.0
169.0
157.0
205.0
168.0
156.0
204.0
166.0
153.0
206.0
161.0
148.0
201.0
158.0
143.0
201.0
154.0
139.0
197.0
151.0
135.0
195.0
149.0
133.0
193.0
134.0
126.0
191.0
132.0
124.0
189.0
130.0
122.0
187.0
126.0
118.0
183.0
122.0
112.0
182.0
118.0
108.0
178.0
115.0
104.0
177.0
113.0
102.0
175.0
108.0
96.0
173.0
105.0
93.0
170.0
103.0
89.0
171.0
99.0
85.0
167.0
95.0
80.0
165.0
91.0
76.0
161.0
88.0
72.0
160.0
87.0
71.0
159.0
78.0
63.0
162.0
76.0
61.0
160.0
73.0
58.0
158.0
70.0
55.0
155.0
65.0
49.0
152.0
62.0
46.0
149.0
58.0
40.0
148.0
57.0
39.0
147.0
52.0
32.0
145.0
50.0
30.0
143.0
47.0
26.0
143.0
43.0
22.0
139.0
253.0
252.0
246.0
253.0
252.0
246.0
237.0
247.0
244.0
235.0
245.0
242.0
231.0
233.0
240.0
234.0
236.0
243.0
232.0
230.0
244.0
226.0
224.0
238.0
219.0
223.0
244.0
220.0
224.0
245.0
214.0
213.0
238.0
211.0
210.0
235.0
216.0
204.0
231.0
211.0
199.0
226.0
205.0
199.0
225.0
201.0
195.0
221.0
196.0
190.0
221.0
195.0
189.0
220.0
187.0
180.0
214.0
187.0
180.0
214.0
182.0
173.0
212.0
177.0
168.0
207.0
177.0
167.0
210.0
171.0
161.0
204.0
169.0
157.0
205.0
168.0
156.0
204.0
165.0
152.0
205.0
161.0
148.0
201.0
158.0
143.0
201.0
153.0
138.0
196.0
151.0
135.0
195.0
148.0
132.0
192.0
134.0
126.0
191.0
132.0
124.0
189.0
130.0
122.0
187.0
126.0
118.0
183.0
122.0
112.0
182.0
118.0
108.0
178.0
115.0
104.0
177.0
113.0
102.0
175.0
108.0
96.0
173.0
105.0
93.0
170.0
103.0
89.0
171.0
99.0
85.0
167.0
95.0
80.0
165.0
91.0
76.0
161.0
88.0
72.0
160.0
87.0
71.0
159.0
78.0
63.0
162.0
76.0
61.0
160.0
73.0
58.0
158.0
70.0
55.0
155.0
65.0
49.0
152.0
62.0
46.0
149.0
58.0
40.0
148.0
57.0
39.0
147.0
52.0
32.0
145.0
50.0
30.0
143.0
47.0
26.0
143.0
43.0
22.0
139.0
240.0
250.0
247.0
234.0
244.0
241.0
245.0
241.0
244.0
241.0
237.0
240.0
243.0
240.0
247.0
234.0
231.0
238.0
226.0
231.0
242.0
216.0
221.0
232.0
224.0
222.0
241.0
219.0
217.0
236.0
220.0
212.0
234.0
214.0
206.0
228.0
211.0
207.0
231.0
208.0
204.0
228.0
204.0
203.0
226.0
197.0
196.0
219.0
196.0
188.0
219.0
197.0
189.0
220.0
190.0
181.0
215.0
190.0
181.0
215.0
182.0
174.0
210.0
180.0
172.0
208.0
175.0
166.0
207.0
175.0
166.0
207.0
167.0
158.0
205.0
165.0
156.0
203.0
161.0
153.0
205.0
157.0
149.0
201.0
150.0
143.0
197.0
147.0
140.0
194.0
143.0
135.0
192.0
142.0
134.0
191.0
134.0
126.0
191.0
132.0
124.0
189.0
130.0
121.0
189.0
126.0
117.0
185.0
122.0
112.0
182.0
118.0
108.0
178.0
115.0
103.0
179.0
113.0
101.0
177.0
108.0
95.0
175.0
105.0
92.0
172.0
103.0
89.0
171.0
99.0
85.0
167.0
95.0
79.0
167.0
91.0
75.0
163.0
88.0
72.0
160.0
87.0
71.0
159.0
78.0
63.0
162.0
76.0
61.0
160.0
73.0
58.0
158.0
70.0
55.0
155.0
65.0
49.0
152.0
62.0
46.0
149.0
58.0
40.0
148.0
57.0
39.0
147.0
52.0
32.0
145.0
50.0
30.0
143.0
47.0
26.0
143.0
43.0
22.0
139.0
234.0
244.0
241.0
230.0
240.0
237.0
244.0
240.0
243.0
239.0
235.0
238.0
234.0
231.0
238.0
238.0
235.0
242.0
223.0
228.0
239.0
220.0
225.0
236.0
220.0
218.0
237.0
217.0
215.0
234.0
221.0
213.0
235.0
220.0
212.0
234.0
205.0
201.0
225.0
209.0
205.0
229.0
202.0
201.0
224.0
200.0
199.0
222.0
198.0
190.0
221.0
196.0
188.0
219.0
192.0
183.0
217.0
187.0
178.0
212.0
182.0
174.0
210.0
180.0
172.0
208.0
176.0
167.0
208.0
176.0
167.0
208.0
166.0
157.0
204.0
165.0
156.0
203.0
159.0
151.0
203.0
156.0
148.0
200.0
150.0
143.0
197.0
146.0
139.0
193.0
143.0
135.0
192.0
141.0
133.0
190.0
134.0
126.0
191.0
132.0
124.0
189.0
130.0
121.0
189.0
126.0
117.0
185.0
122.0
112.0
182.0
118.0
108.0
178.0
115.0
103.0
179.0
113.0
101.0
177.0
108.0
95.0
175.0
105.0
92.0
172.0
103.0
89.0
171.0
99.0
85.0
167.0
95.0
79.0
167.0
91.0
75.0
163.0
88.0
72.0
160.0
87.0
71.0
159.0
78.0
63.0
162.0
76.0
61.0
160.0
73.0
58.0
158.0
70.0
55.0
155.0
65.0
49.0
152.0
62.0
46.0
149.0
58.0
40.0
148.0
57.0
39.0
147.0
52.0
32.0
145.0
50.0
30.0
143.0
47.0
26.0
143.0
43.0
22.0
139.0
244.0
233.0
237.0
244.0
233.0
237.0
44.0
0.0
9.0
44.0
0.0
9.0
255.0
223.0
231.0
255.0
225.0
233.0
242.0
223.0
231.0
23.0
4.0
12.0
210.0
170.0
186.0
252.0
212.0
228.0
41.0
0.0
18.0
38.0
0.0
15.0
233.0
205.0
226.0
225.0
197.0
218.0
24.0
0.0
18.0
222.0
193.0
216.0
205.0
183.0
214.0
206.0
184.0
215.0
202.0
181.0
214.0
10.0
0.0
22.0
187.0
166.0
204.0
155.0
134.0
172.0
14.0
0.0
37.0
175.0
156.0
198.0
173.0
157.0
203.0
171.0
155.0
201.0
165.0
150.0
201.0
161.0
146.0
197.0
155.0
141.0
196.0
152.0
138.0
193.0
146.0
134.0
191.0
145.0
133.0
190.0
134.0
126.0
191.0
132.0
124.0
189.0
130.0
121.0
189.0
126.0
117.0
185.0
122.0
112.0
182.0
118.0
108.0
178.0
115.0
103.0
179.0
113.0
101.0
177.0
108.0
95.0
175.0
105.0
92.0
172.0
103.0
88.0
173.0
99.0
84.0
169.0
95.0
79.0
167.0
91.0
75.0
163.0
88.0
72.0
161.0
87.0
71.0
160.0
78.0
63.0
162.0
76.0
61.0
160.0
73.0
58.0
158.0
70.0
55.0
155.0
65.0
49.0
152.0
62.0
46.0
149.0
58.0
40.0
148.0
57.0
39.0
147.0
52.0
32.0
145.0
50.0
30.0
143.0
47.0
26.0
143.0
43.0
22.0
139.0
245.0
234.0
238.0
243.0
232.0
236.0
42.0
0.0
7.0
45.0
0.0
10.0
255.0
223.0
231.0
36.0
1.0
9.0
245.0
226.0
234.0
237.0
218.0
226.0
42.0
2.0
18.0
38.0
0.0
14.0
41.0
0.0
18.0
41.0
0.0
18.0
26.0
0.0
19.0
231.0
203.0
224.0
224.0
195.0
218.0
218.0
189.0
212.0
209.0
187.0
218.0
204.0
182.0
213.0
34.0
13.0
46.0
16.0
0.0
28.0
12.0
0.0
29.0
164.0
143.0
181.0
12.0
0.0
35.0
176.0
157.0
199.0
172.0
156.0
202.0
171.0
155.0
201.0
164.0
149.0
200.0
161.0
146.0
197.0
154.0
140.0
195.0
151.0
137.0
192.0
146.0
134.0
191.0
144.0
132.0
189.0
134.0
126.0
191.0
132.0
124.0
189.0
130.0
121.0
189.0
126.0
117.0
185.0
122.0
112.0
182.0
118.0
108.0
178.0
115.0
103.0
179.0
113.0
101.0
177.0
108.0
95.0
175.0
105.0
92.0
172.0
103.0
88.0
173.0
99.0
84.0
169.0
95.0
79.0
167.0
91.0
75.0
163.0
88.0
72.0
161.0
87.0
71.0
160.0
78.0
63.0
162.0
76.0
61.0
160.0
73.0
58.0
158.0
70.0
55.0
155.0
65.0
49.0
152.0
62.0
46.0
149.0
58.0
40.0
148.0
57.0
39.0
147.0
52.0
32.0
145.0
50.0
30.0
143.0
47.0
26.0
143.0
43.0
22.0
139.0
223.0
226.0
237.0
222.0
225.0
236.0
27.0
0.0
16.0
24.0
0.0
13.0
237.0
223.0
235.0
17.0
3.0
15.0
0.0
1.0
11.0
217.0
218.0
228.0
24.0
4.0
19.0
229.0
209.0
224.0
20.0
0.0
19.0
21.0
0.0
20.0
207.0
202.0
224.0
205.0
200.0
222.0
207.0
193.0
220.0
201.0
187.0
214.0
195.0
185.0
214.0
189.0
179.0
208.0
190.0
179.0
210.0
6.0
0.0
26.0
182.0
172.0
208.0
2.0
0.0
28.0
174.0
165.0
206.0
174.0
165.0
206.0
164.0
156.0
201.0
163.0
155.0
200.0
158.0
150.0
200.0
154.0
146.0
196.0
148.0
141.0
195.0
145.0
138.0
192.0
141.0
133.0
190.0
140.0
132.0
189.0
134.0
125.0
193.0
132.0
123.0
191.0
130.0
120.0
190.0
126.0
116.0
186.0
122.0
111.0
184.0
118.0
107.0
180.0
115.0
103.0
180.0
113.0
101.0
178.0
108.0
94.0
176.0
105.0
91.0
173.0
103.0
88.0
173.0
99.0
84.0
169.0
95.0
79.0
168.0
91.0
75.0
164.0
88.0
72.0
161.0
87.0
71.0
160.0
78.0
63.0
162.0
76.0
61.0
160.0
73.0
58.0
158.0
70.0
55.0
155.0
65.0
49.0
152.0
62.0
46.0
149.0
58.0
40.0
148.0
57.0
39.0
147.0
52.0
32.0
145.0
50.0
30.0
143.0
47.0
26.0
143.0
43.0
22.0
139.0
221.0
224.0
235.0
225.0
228.0
239.0
246.0
219.0
235.0
248.0
221.0
237.0
236.0
222.0
234.0
233.0
219.0
231.0
215.0
216.0
226.0
218.0
219.0
229.0
233.0
213.0
228.0
227.0
207.0
222.0
227.0
206.0
226.0
226.0
205.0
225.0
201.0
196.0
218.0
201.0
196.0
218.0
207.0
193.0
220.0
205.0
191.0
218.0
194.0
184.0
213.0
193.0
183.0
212.0
190.0
179.0
210.0
188.0
177.0
208.0
180.0
170.0
206.0
179.0
169.0
205.0
173.0
164.0
205.0
171.0
162.0
203.0
164.0
156.0
201.0
163.0
155.0
200.0
157.0
149.0
199.0
154.0
146.0
196.0
148.0
141.0
195.0
143.0
136.0
190.0
141.0
133.0
190.0
140.0
132.0
189.0
134.0
125.0
193.0
132.0
123.0
191.0
130.0
120.0
190.0
126.0
116.0
186.0
122.0
111.0
184.0
118.0
107.0
180.0
115.0
103.0
180.0
113.0
101.0
178.0
108.0
94.0
176.0
105.0
91.0
173.0
103.0
88.0
173.0
99.0
84.0
169.0
95.0
79.0
168.0
91.0
75.0
164.0
88.0
72.0
161.0
87.0
71.0
160.0
78.0
63.0
162.0
76.0
61.0
160.0
73.0
58.0
158.0
70.0
55.0
155.0
65.0
49.0
152.0
62.0
46.0
149.0
58.0
40.0
148.0
57.0
39.0
147.0
52.0
32.0
145.0
50.0
30.0
143.0
47.0
26.0
143.0
43.0
22.0
139.0
218.0
214.0
240.0
223.0
219.0
245.0
227.0
215.0
240.0
222.0
210.0
235.0
220.0
220.0
241.0
217.0
217.0
238.0
209.0
213.0
234.0
204.0
208.0
229.0
214.0
208.0
232.0
211.0
205.0
229.0
203.0
198.0
227.0
201.0
196.0
225.0
197.0
195.0
228.0
195.0
193.0
226.0
201.0
187.0
226.0
196.0
182.0
221.0
185.0
184.0
214.0
183.0
182.0
212.0
177.0
177.0
210.0
175.0
175.0
208.0
172.0
170.0
208.0
169.0
167.0
205.0
163.0
160.0
202.0
159.0
156.0
198.0
157.0
152.0
199.0
156.0
151.0
198.0
154.0
148.0
200.0
150.0
144.0
196.0
147.0
139.0
196.0
143.0
135.0
192.0
141.0
132.0
191.0
140.0
131.0
190.0
130.0
120.0
190.0
129.0
119.0
189.0
126.0
116.0
186.0
122.0
112.0
182.0
118.0
106.0
182.0
115.0
103.0
179.0
111.0
99.0
176.0
110.0
98.0
175.0
105.0
91.0
173.0
104.0
90.0
172.0
102.0
86.0
174.0
97.0
81.0
169.0
94.0
78.0
167.0
90.0
74.0
163.0
87.0
70.0
162.0
85.0
68.0
160.0
77.0
62.0
161.0
76.0
61.0
160.0
73.0
58.0
158.0
69.0
54.0
154.0
65.0
49.0
152.0
62.0
46.0
149.0
58.0
40.0
148.0
57.0
39.0
147.0
51.0
31.0
144.0
49.0
29.0
142.0
45.0
24.0
141.0
42.0
21.0
138.0
216.0
212.0
238.0
215.0
211.0
237.0
223.0
211.0
236.0
225.0
213.0
238.0
215.0
215.0
236.0
211.0
211.0
232.0
210.0
214.0
235.0
200.0
204.0
225.0
217.0
211.0
235.0
210.0
204.0
228.0
205.0
200.0
229.0
202.0
197.0
226.0
192.0
190.0
223.0
192.0
190.0
223.0
201.0
187.0
226.0
196.0
182.0
221.0
185.0
184.0
214.0
184.0
183.0
213.0
178.0
178.0
211.0
174.0
174.0
207.0
170.0
168.0
206.0
167.0
165.0
203.0
165.0
162.0
204.0
164.0
161.0
203.0
157.0
152.0
199.0
156.0
151.0
198.0
153.0
147.0
199.0
150.0
144.0
196.0
147.0
139.0
196.0
143.0
135.0
192.0
140.0
131.0
190.0
139.0
130.0
189.0
130.0
120.0
190.0
129.0
119.0
189.0
125.0
115.0
185.0
122.0
112.0
182.0
117.0
105.0
181.0
113.0
101.0
177.0
111.0
99.0
176.0
109.0
97.0
174.0
105.0
91.0
173.0
104.0
90.0
172.0
101.0
85.0
173.0
97.0
81.0
169.0
92.0
76.0
165.0
89.0
73.0
162.0
87.0
70.0
162.0
84.0
67.0
159.0
77.0
62.0
161.0
76.0
61.0
160.0
72.0
57.0
157.0
69.0
54.0
154.0
64.0
48.0
151.0
61.0
45.0
148.0
58.0
40.0
148.0
56.0
38.0
146.0
50.0
30.0
143.0
48.0
28.0
141.0
44.0
23.0
140.0
42.0
21.0
138.0
221.0
213.0
235.0
218.0
210.0
232.0
212.0
209.0
231.0
215.0
212.0
234.0
215.0
215.0
236.0
208.0
208.0
229.0
206.0
207.0
230.0
201.0
202.0
225.0
204.0
204.0
232.0
198.0
198.0
226.0
195.0
191.0
224.0
196.0
192.0
225.0
199.0
190.0
229.0
195.0
186.0
225.0
195.0
181.0
222.0
194.0
180.0
221.0
176.0
175.0
210.0
174.0
173.0
208.0
171.0
169.0
207.0
171.0
169.0
207.0
172.0
167.0
209.0
170.0
165.0
207.0
164.0
157.0
204.0
159.0
152.0
199.0
158.0
150.0
202.0
157.0
149.0
201.0
154.0
144.0
201.0
151.0
141.0
198.0
149.0
135.0
197.0
146.0
132.0
194.0
143.0
129.0
193.0
142.0
128.0
192.0
129.0
119.0
189.0
127.0
117.0
187.0
124.0
113.0
186.0
120.0
109.0
182.0
117.0
105.0
181.0
112.0
100.0
176.0
110.0
97.0
177.0
109.0
96.0
176.0
104.0
89.0
174.0
103.0
88.0
173.0
99.0
83.0
172.0
96.0
80.0
169.0
92.0
75.0
167.0
88.0
71.0
163.0
85.0
67.0
161.0
84.0
66.0
160.0
76.0
61.0
160.0
74.0
59.0
158.0
71.0
56.0
156.0
68.0
53.0
153.0
64.0
48.0
151.0
59.0
43.0
146.0
57.0
39.0
147.0
56.0
38.0
146.0
50.0
30.0
143.0
48.0
28.0
141.0
44.0
23.0
140.0
41.0
20.0
137.0
217.0
209.0
231.0
215.0
207.0
229.0
208.0
205.0
227.0
208.0
205.0
227.0
203.0
203.0
224.0
203.0
203.0
224.0
205.0
206.0
229.0
201.0
202.0
225.0
192.0
192.0
220.0
197.0
197.0
225.0
199.0
195.0
228.0
192.0
188.0
221.0
190.0
181.0
220.0
192.0
183.0
222.0
196.0
182.0
223.0
192.0
178.0
219.0
181.0
180.0
215.0
177.0
176.0
211.0
174.0
172.0
210.0
170.0
168.0
206.0
170.0
165.0
207.0
166.0
161.0
203.0
162.0
155.0
202.0
158.0
151.0
198.0
157.0
149.0
201.0
155.0
147.0
199.0
152.0
142.0
199.0
149.0
139.0
196.0
147.0
133.0
195.0
144.0
130.0
192.0
142.0
128.0
192.0
140.0
126.0
190.0
127.0
117.0
187.0
126.0
116.0
186.0
124.0
113.0
186.0
119.0
108.0
181.0
116.0
104.0
180.0
111.0
99.0
175.0
109.0
96.0
176.0
108.0
95.0
175.0
103.0
88.0
173.0
102.0
87.0
172.0
99.0
83.0
172.0
95.0
79.0
168.0
91.0
74.0
166.0
87.0
70.0
162.0
84.0
66.0
160.0
83.0
65.0
159.0
74.0
59.0
158.0
73.0
58.0
157.0
71.0
56.0
156.0
66.0
51.0
151.0
63.0
47.0
150.0
58.0
42.0
145.0
56.0
38.0
146.0
55.0
37.0
145.0
49.0
29.0
142.0
47.0
27.0
140.0
43.0
22.0
139.0
41.0
20.0
137.0
201.0
202.0
220.0
204.0
205.0
223.0
205.0
202.0
224.0
206.0
203.0
225.0
201.0
197.0
223.0
204.0
200.0
226.0
197.0
195.0
228.0
195.0
193.0
226.0
198.0
194.0
232.0
191.0
187.0
225.0
197.0
187.0
230.0
198.0
188.0
231.0
192.0
182.0
225.0
190.0
180.0
223.0
189.0
181.0
226.0
186.0
178.0
223.0
172.0
170.0
210.0
172.0
170.0
210.0
172.0
169.0
211.0
170.0
167.0
209.0
167.0
162.0
209.0
163.0
158.0
205.0
158.0
155.0
206.0
157.0
154.0
205.0
151.0
146.0
202.0
150.0
145.0
201.0
145.0
140.0
201.0
142.0
137.0
198.0
138.0
132.0
197.0
135.0
129.0
194.0
132.0
125.0
193.0
130.0
123.0
191.0
126.0
115.0
188.0
125.0
114.0
187.0
122.0
111.0
184.0
118.0
107.0
180.0
115.0
103.0
180.0
110.0
98.0
175.0
108.0
95.0
175.0
106.0
93.0
173.0
102.0
87.0
172.0
101.0
86.0
171.0
97.0
81.0
170.0
94.0
78.0
167.0
90.0
73.0
165.0
85.0
68.0
160.0
83.0
65.0
159.0
82.0
64.0
158.0
73.0
58.0
157.0
72.0
57.0
156.0
69.0
54.0
154.0
65.0
50.0
150.0
62.0
46.0
149.0
57.0
41.0
144.0
55.0
37.0
145.0
54.0
36.0
144.0
49.0
29.0
142.0
47.0
27.0
140.0
43.0
22.0
139.0
40.0
19.0
136.0
201.0
202.0
220.0
196.0
197.0
215.0
204.0
201.0
223.0
203.0
200.0
222.0
204.0
200.0
226.0
201.0
197.0
223.0
195.0
193.0
226.0
193.0
191.0
224.0
195.0
191.0
229.0
190.0
186.0
224.0
188.0
178.0
221.0
189.0
179.0
222.0
192.0
182.0
225.0
187.0
177.0
220.0
180.0
172.0
217.0
185.0
177.0
222.0
179.0
177.0
217.0
174.0
172.0
212.0
168.0
165.0
207.0
165.0
162.0
204.0
165.0
160.0
207.0
164.0
159.0
206.0
158.0
155.0
206.0
153.0
150.0
201.0
150.0
145.0
201.0
148.0
143.0
199.0
143.0
138.0
199.0
139.0
134.0
195.0
136.0
130.0
195.0
134.0
128.0
193.0
130.0
123.0
191.0
129.0
122.0
190.0
125.0
114.0
187.0
124.0
113.0
186.0
122.0
111.0
184.0
117.0
106.0
179.0
113.0
101.0
178.0
110.0
98.0
175.0
106.0
93.0
173.0
105.0
92.0
172.0
101.0
86.0
171.0
99.0
84.0
169.0
97.0
81.0
170.0
92.0
76.0
165.0
89.0
72.0
164.0
85.0
68.0
160.0
82.0
64.0
158.0
81.0
63.0
157.0
72.0
57.0
156.0
71.0
56.0
155.0
69.0
54.0
154.0
64.0
49.0
149.0
61.0
45.0
148.0
57.0
41.0
144.0
54.0
36.0
144.0
52.0
34.0
142.0
48.0
28.0
141.0
45.0
25.0
138.0
42.0
21.0
138.0
38.0
17.0
134.0
190.0
199.0
227.0
184.0
193.0
221.0
199.0
186.0
222.0
208.0
195.0
231.0
210.0
195.0
238.0
202.0
187.0
230.0
104.0
98.0
150.0
115.0
109.0
161.0
190.0
178.0
235.0
189.0
177.0
234.0
193.0
171.0
234.0
190.0
168.0
231.0
186.0
172.0
234.0
176.0
162.0
224.0
134.0
129.0
190.0
97.0
92.0
153.0
185.0
167.0
211.0
182.0
164.0
208.0
176.0
160.0
206.0
174.0
158.0
204.0
170.0
155.0
206.0
168.0
153.0
204.0
163.0
149.0
204.0
160.0
146.0
201.0
154.0
141.0
200.0
153.0
140.0
199.0
146.0
136.0
200.0
142.0
132.0
196.0
137.0
128.0
196.0
133.0
124.0
192.0
131.0
121.0
191.0
130.0
120.0
190.0
125.0
114.0
187.0
123.0
112.0
185.0
120.0
108.0
184.0
117.0
105.0
181.0
112.0
100.0
177.0
109.0
97.0
174.0
105.0
91.0
173.0
104.0
90.0
172.0
101.0
86.0
171.0
98.0
83.0
168.0
96.0
80.0
169.0
92.0
76.0
165.0
88.0
70.0
164.0
84.0
66.0
160.0
81.0
63.0
157.0
80.0
62.0
156.0
72.0
57.0
156.0
70.0
55.0
154.0
68.0
53.0
153.0
64.0
49.0
149.0
59.0
43.0
146.0
56.0
40.0
143.0
52.0
34.0
142.0
51.0
33.0
141.0
48.0
28.0
141.0
45.0
25.0
138.0
42.0
21.0
138.0
38.0
17.0
134.0
180.0
189.0
217.0
183.0
192.0
220.0
201.0
188.0
224.0
200.0
187.0
223.0
196.0
181.0
224.0
104.0
89.0
132.0
184.0
178.0
230.0
159.0
153.0
205.0
160.0
148.0
205.0
137.0
125.0
182.0
153.0
131.0
194.0
156.0
134.0
197.0
123.0
109.0
171.0
138.0
124.0
186.0
166.0
161.0
222.0
170.0
165.0
226.0
111.0
93.0
137.0
135.0
117.0
161.0
164.0
148.0
194.0
176.0
160.0
206.0
170.0
155.0
206.0
161.0
146.0
197.0
158.0
144.0
199.0
160.0
146.0
201.0
153.0
140.0
199.0
152.0
139.0
198.0
146.0
136.0
200.0
142.0
132.0
196.0
137.0
128.0
196.0
133.0
124.0
192.0
131.0
121.0
191.0
130.0
120.0
190.0
124.0
113.0
186.0
123.0
112.0
185.0
119.0
107.0
183.0
116.0
104.0
180.0
112.0
100.0
177.0
108.0
96.0
173.0
105.0
91.0
173.0
104.0
90.0
172.0
99.0
84.0
169.0
98.0
83.0
168.0
95.0
79.0
168.0
91.0
75.0
164.0
88.0
70.0
164.0
83.0
65.0
159.0
81.0
63.0
157.0
80.0
62.0
156.0
71.0
56.0
155.0
70.0
55.0
154.0
66.0
51.0
151.0
63.0
48.0
148.0
59.0
43.0
146.0
55.0
39.0
142.0
52.0
34.0
142.0
51.0
33.0
141.0
48.0
28.0
141.0
45.0
25.0
138.0
41.0
20.0
137.0
38.0
17.0
134.0
201.0
190.0
229.0
197.0
186.0
225.0
192.0
181.0
222.0
192.0
181.0
222.0
93.0
70.0
129.0
198.0
175.0
234.0
116.0
93.0
152.0
189.0
166.0
225.0
187.0
164.0
223.0
197.0
174.0
233.0
181.0
168.0
227.0
176.0
163.0
222.0
173.0
162.0
216.0
174.0
163.0
217.0
167.0
155.0
217.0
107.0
95.0
157.0
178.0
154.0
215.0
96.0
72.0
133.0
175.0
152.0
211.0
174.0
151.0
210.0
167.0
151.0
206.0
163.0
147.0
202.0
162.0
148.0
203.0
158.0
144.0
199.0
148.0
138.0
195.0
145.0
135.0
192.0
139.0
132.0
193.0
136.0
129.0
190.0
132.0
124.0
189.0
129.0
121.0
186.0
126.0
116.0
186.0
125.0
115.0
185.0
117.0
107.0
184.0
116.0
106.0
183.0
114.0
104.0
181.0
110.0
100.0
177.0
107.0
95.0
177.0
103.0
91.0
173.0
101.0
88.0
173.0
100.0
87.0
172.0
94.0
80.0
169.0
93.0
79.0
168.0
90.0
74.0
168.0
87.0
71.0
165.0
83.0
66.0
163.0
80.0
63.0
160.0
78.0
60.0
160.0
76.0
58.0
158.0
66.0
50.0
158.0
64.0
48.0
156.0
62.0
46.0
154.0
59.0
43.0
151.0
55.0
38.0
149.0
52.0
35.0
146.0
49.0
31.0
146.0
48.0
30.0
145.0
41.0
22.0
139.0
39.0
20.0
137.0
36.0
16.0
136.0
34.0
14.0
134.0
191.0
180.0
219.0
192.0
181.0
220.0
190.0
179.0
220.0
190.0
179.0
220.0
91.0
68.0
127.0
197.0
174.0
233.0
192.0
169.0
228.0
126.0
103.0
162.0
135.0
112.0
171.0
188.0
165.0
224.0
124.0
111.0
170.0
124.0
111.0
170.0
175.0
164.0
218.0
173.0
162.0
216.0
110.0
98.0
160.0
171.0
159.0
221.0
102.0
78.0
139.0
173.0
149.0
210.0
84.0
61.0
120.0
172.0
149.0
208.0
163.0
147.0
202.0
158.0
142.0
197.0
152.0
138.0
193.0
155.0
141.0
196.0
147.0
137.0
194.0
144.0
134.0
191.0
138.0
131.0
192.0
134.0
127.0
188.0
131.0
123.0
188.0
127.0
119.0
184.0
125.0
115.0
185.0
124.0
114.0
184.0
117.0
107.0
184.0
116.0
106.0
183.0
113.0
103.0
180.0
110.0
100.0
177.0
106.0
94.0
176.0
103.0
91.0
173.0
100.0
87.0
172.0
99.0
86.0
171.0
94.0
80.0
169.0
93.0
79.0
168.0
89.0
73.0
167.0
87.0
71.0
165.0
83.0
66.0
163.0
80.0
63.0
160.0
76.0
58.0
158.0
75.0
57.0
157.0
66.0
50.0
158.0
64.0
48.0
156.0
62.0
46.0
154.0
59.0
43.0
151.0
55.0
38.0
149.0
52.0
35.0
146.0
48.0
30.0
145.0
47.0
29.0
144.0
40.0
21.0
138.0
39.0
20.0
137.0
36.0
16.0
136.0
33.0
13.0
133.0
180.0
171.0
218.0
185.0
176.0
223.0
184.0
175.0
216.0
75.0
66.0
107.0
189.0
174.0
225.0
92.0
77.0
128.0
109.0
82.0
139.0
131.0
104.0
161.0
121.0
99.0
164.0
118.0
96.0
161.0
117.0
100.0
171.0
117.0
100.0
171.0
114.0
103.0
162.0
107.0
96.0
155.0
111.0
93.0
153.0
105.0
87.0
147.0
100.0
69.0
126.0
181.0
150.0
207.0
87.0
63.0
119.0
163.0
139.0
195.0
164.0
148.0
203.0
160.0
144.0
199.0
153.0
141.0
198.0
151.0
139.0
196.0
144.0
132.0
194.0
143.0
131.0
193.0
139.0
128.0
194.0
135.0
124.0
190.0
132.0
120.0
189.0
128.0
116.0
185.0
124.0
113.0
186.0
122.0
111.0
184.0
115.0
105.0
182.0
114.0
104.0
181.0
111.0
100.0
180.0
108.0
97.0
177.0
104.0
92.0
174.0
101.0
89.0
171.0
99.0
85.0
173.0
97.0
83.0
171.0
93.0
78.0
170.0
92.0
77.0
169.0
88.0
72.0
166.0
86.0
70.0
164.0
81.0
63.0
163.0
79.0
61.0
161.0
75.0
57.0
157.0
74.0
56.0
156.0
64.0
48.0
156.0
63.0
47.0
155.0
60.0
43.0
154.0
57.0
40.0
151.0
53.0
35.0
148.0
50.0
32.0
145.0
47.0
29.0
144.0
46.0
28.0
143.0
40.0
21.0
138.0
38.0
19.0
136.0
35.0
14.0
136.0
33.0
12.0
134.0
175.0
166.0
213.0
183.0
174.0
221.0
180.0
171.0
212.0
67.0
58.0
99.0
180.0
165.0
216.0
88.0
73.0
124.0
194.0
167.0
224.0
187.0
160.0
217.0
181.0
159.0
224.0
180.0
158.0
223.0
108.0
91.0
162.0
110.0
93.0
164.0
149.0
138.0
197.0
167.0
156.0
215.0
169.0
151.0
211.0
167.0
149.0
209.0
100.0
69.0
126.0
93.0
62.0
119.0
167.0
143.0
199.0
75.0
51.0
107.0
162.0
146.0
201.0
155.0
139.0
194.0
146.0
134.0
191.0
142.0
130.0
187.0
142.0
130.0
192.0
141.0
129.0
191.0
136.0
125.0
191.0
133.0
122.0
188.0
129.0
117.0
186.0
126.0
114.0
183.0
122.0
111.0
184.0
119.0
108.0
181.0
114.0
104.0
181.0
113.0
103.0
180.0
109.0
98.0
178.0
106.0
95.0
175.0
102.0
90.0
172.0
100.0
88.0
170.0
96.0
82.0
170.0
95.0
81.0
169.0
92.0
77.0
169.0
89.0
74.0
166.0
87.0
71.0
165.0
83.0
67.0
161.0
80.0
62.0
162.0
76.0
58.0
158.0
74.0
56.0
156.0
73.0
55.0
155.0
63.0
47.0
155.0
61.0
45.0
153.0
59.0
42.0
153.0
55.0
38.0
149.0
52.0
34.0
147.0
48.0
30.0
143.0
46.0
28.0
143.0
45.0
27.0
142.0
39.0
20.0
137.0
36.0
17.0
134.0
34.0
13.0
135.0
32.0
11.0
133.0
180.0
172.0
217.0
176.0
168.0
213.0
191.0
167.0
215.0
70.0
46.0
94.0
185.0
162.0
221.0
84.0
61.0
120.0
91.0
66.0
125.0
180.0
155.0
214.0
179.0
166.0
225.0
176.0
163.0
222.0
108.0
76.0
143.0
111.0
79.0
146.0
172.0
152.0
210.0
173.0
153.0
211.0
163.0
149.0
213.0
157.0
143.0
207.0
99.0
59.0
114.0
97.0
57.0
112.0
172.0
144.0
199.0
66.0
38.0
93.0
155.0
140.0
198.0
151.0
136.0
194.0
142.0
132.0
196.0
143.0
133.0
197.0
138.0
126.0
195.0
135.0
123.0
192.0
135.0
120.0
191.0
131.0
116.0
187.0
126.0
112.0
186.0
122.0
108.0
182.0
118.0
106.0
182.0
117.0
105.0
181.0
111.0
100.0
180.0
110.0
99.0
179.0
107.0
95.0
177.0
104.0
92.0
174.0
100.0
87.0
172.0
97.0
84.0
169.0
94.0
80.0
169.0
93.0
79.0
168.0
89.0
74.0
166.0
88.0
73.0
165.0
86.0
69.0
166.0
82.0
65.0
162.0
79.0
61.0
161.0
75.0
57.0
157.0
73.0
55.0
156.0
71.0
53.0
154.0
61.0
45.0
153.0
60.0
44.0
152.0
57.0
40.0
151.0
54.0
37.0
148.0
50.0
32.0
145.0
47.0
29.0
142.0
45.0
27.0
142.0
42.0
24.0
139.0
38.0
18.0
138.0
35.0
15.0
135.0
33.0
12.0
134.0
31.0
10.0
132.0
171.0
163.0
208.0
174.0
166.0
211.0
189.0
165.0
213.0
68.0
44.0
92.0
183.0
160.0
219.0
77.0
54.0
113.0
84.0
59.0
118.0
187.0
162.0
221.0
168.0
155.0
214.0
164.0
151.0
210.0
106.0
74.0
141.0
103.0
71.0
138.0
171.0
151.0
209.0
172.0
152.0
210.0
158.0
144.0
208.0
76.0
62.0
126.0
96.0
56.0
111.0
89.0
49.0
104.0
162.0
134.0
189.0
68.0
40.0
95.0
148.0
133.0
191.0
146.0
131.0
189.0
140.0
130.0
194.0
140.0
130.0
194.0
135.0
123.0
192.0
133.0
121.0
190.0
133.0
118.0
189.0
129.0
114.0
185.0
124.0
110.0
184.0
120.0
106.0
180.0
116.0
104.0
180.0
115.0
103.0
179.0
109.0
98.0
178.0
108.0
97.0
177.0
106.0
94.0
176.0
102.0
90.0
172.0
99.0
86.0
171.0
95.0
82.0
167.0
93.0
79.0
168.0
92.0
78.0
167.0
88.0
73.0
165.0
87.0
72.0
164.0
83.0
66.0
163.0
80.0
63.0
160.0
76.0
58.0
158.0
74.0
56.0
156.0
71.0
53.0
154.0
70.0
52.0
153.0
60.0
44.0
152.0
59.0
43.0
151.0
55.0
38.0
149.0
52.0
35.0
146.0
48.0
30.0
143.0
46.0
28.0
141.0
42.0
24.0
139.0
41.0
23.0
138.0
36.0
16.0
136.0
34.0
14.0
134.0
32.0
11.0
133.0
29.0
8.0
130.0
167.0
158.0
205.0
165.0
156.0
203.0
192.0
155.0
207.0
69.0
32.0
84.0
191.0
155.0
218.0
80.0
44.0
107.0
85.0
47.0
104.0
179.0
141.0
198.0
165.0
153.0
201.0
163.0
151.0
199.0
98.0
60.0
115.0
97.0
59.0
114.0
91.0
67.0
115.0
169.0
145.0
193.0
170.0
143.0
200.0
77.0
50.0
107.0
93.0
47.0
100.0
88.0
42.0
95.0
164.0
134.0
189.0
58.0
28.0
83.0
153.0
140.0
199.0
150.0
137.0
196.0
137.0
128.0
196.0
130.0
121.0
189.0
133.0
118.0
195.0
132.0
117.0
194.0
133.0
114.0
192.0
130.0
111.0
189.0
124.0
107.0
185.0
121.0
104.0
182.0
115.0
103.0
180.0
112.0
100.0
177.0
108.0
96.0
178.0
107.0
95.0
177.0
103.0
91.0
173.0
101.0
89.0
171.0
96.0
82.0
170.0
94.0
80.0
168.0
90.0
75.0
167.0
89.0
74.0
166.0
87.0
71.0
165.0
86.0
70.0
164.0
82.0
64.0
164.0
79.0
61.0
161.0
75.0
57.0
158.0
72.0
54.0
155.0
70.0
51.0
155.0
68.0
49.0
153.0
59.0
42.0
153.0
57.0
40.0
151.0
54.0
36.0
149.0
50.0
32.0
145.0
47.0
29.0
144.0
43.0
25.0
140.0
41.0
22.0
139.0
40.0
21.0
138.0
35.0
15.0
135.0
33.0
13.0
133.0
31.0
9.0
134.0
28.0
6.0
131.0
166.0
157.0
204.0
166.0
157.0
204.0
188.0
151.0
203.0
61.0
24.0
76.0
180.0
144.0
207.0
70.0
34.0
97.0
76.0
38.0
95.0
81.0
43.0
100.0
166.0
154.0
202.0
131.0
119.0
167.0
94.0
56.0
111.0
90.0
52.0
107.0
78.0
54.0
102.0
167.0
143.0
191.0
155.0
128.0
185.0
71.0
44.0
101.0
85.0
39.0
92.0
176.0
130.0
183.0
53.0
23.0
78.0
162.0
132.0
187.0
143.0
130.0
189.0
142.0
129.0
188.0
133.0
124.0
192.0
129.0
120.0
188.0
132.0
117.0
194.0
131.0
116.0
193.0
132.0
113.0
191.0
129.0
110.0
188.0
123.0
106.0
184.0
120.0
103.0
181.0
113.0
101.0
178.0
111.0
99.0
176.0
107.0
95.0
177.0
106.0
94.0
176.0
103.0
91.0
173.0
100.0
88.0
170.0
96.0
82.0
170.0
93.0
79.0
167.0
90.0
75.0
167.0
88.0
73.0
165.0
86.0
70.0
164.0
85.0
69.0
163.0
82.0
64.0
164.0
79.0
61.0
161.0
75.0
57.0
158.0
72.0
54.0
155.0
70.0
51.0
155.0
68.0
49.0
153.0
57.0
40.0
151.0
56.0
39.0
150.0
54.0
36.0
149.0
50.0
32.0
145.0
47.0
29.0
144.0
43.0
25.0
140.0
41.0
22.0
139.0
40.0
21.0
138.0
35.0
15.0
135.0
33.0
13.0
133.0
31.0
9.0
134.0
28.0
6.0
131.0
166.0
153.0
212.0
164.0
151.0
210.0
174.0
152.0
201.0
172.0
150.0
199.0
56.0
29.0
79.0
104.0
77.0
127.0
83.0
30.0
78.0
94.0
41.0
89.0
175.0
149.0
192.0
75.0
49.0
92.0
74.0
41.0
90.0
75.0
42.0
91.0
77.0
50.0
87.0
171.0
144.0
181.0
97.0
41.0
83.0
89.0
33.0
75.0
72.0
27.0
83.0
75.0
30.0
86.0
67.0
38.0
95.0
154.0
125.0
182.0
145.0
133.0
197.0
133.0
121.0
185.0
128.0
120.0
190.0
125.0
117.0
187.0
125.0
110.0
188.0
125.0
110.0
188.0
126.0
106.0
187.0
124.0
104.0
185.0
120.0
101.0
184.0
117.0
98.0
181.0
111.0
97.0
179.0
110.0
96.0
178.0
102.0
89.0
174.0
101.0
88.0
173.0
100.0
86.0
174.0
96.0
82.0
170.0
93.0
79.0
168.0
90.0
76.0
165.0
88.0
72.0
166.0
87.0
71.0
165.0
81.0
64.0
161.0
80.0
63.0
160.0
78.0
60.0
161.0
74.0
56.0
157.0
71.0
52.0
156.0
67.0
48.0
152.0
65.0
45.0
151.0
64.0
44.0
150.0
55.0
37.0
150.0
54.0
36.0
149.0
52.0
34.0
147.0
48.0
30.0
143.0
45.0
27.0
142.0
41.0
23.0
138.0
39.0
19.0
139.0
38.0
18.0
138.0
32.0
11.0
133.0
29.0
8.0
130.0
27.0
5.0
130.0
26.0
4.0
129.0
161.0
148.0
207.0
160.0
147.0
206.0
170.0
148.0
197.0
172.0
150.0
199.0
180.0
153.0
203.0
46.0
19.0
69.0
76.0
23.0
71.0
79.0
26.0
74.0
58.0
32.0
75.0
64.0
38.0
81.0
175.0
142.0
191.0
66.0
33.0
82.0
168.0
141.0
178.0
64.0
37.0
74.0
87.0
31.0
73.0
80.0
24.0
66.0
95.0
50.0
106.0
60.0
15.0
71.0
161.0
132.0
189.0
157.0
128.0
185.0
136.0
124.0
188.0
134.0
122.0
186.0
128.0
120.0
190.0
123.0
115.0
185.0
124.0
109.0
187.0
124.0
109.0
187.0
125.0
105.0
186.0
123.0
103.0
184.0
119.0
100.0
183.0
115.0
96.0
179.0
110.0
96.0
178.0
109.0
95.0
177.0
102.0
89.0
174.0
101.0
88.0
173.0
99.0
85.0
173.0
95.0
81.0
169.0
93.0
79.0
168.0
89.0
75.0
164.0
87.0
71.0
165.0
86.0
70.0
164.0
81.0
64.0
161.0
80.0
63.0
160.0
76.0
58.0
159.0
74.0
56.0
157.0
70.0
51.0
155.0
67.0
48.0
152.0
64.0
44.0
150.0
63.0
43.0
149.0
55.0
37.0
150.0
54.0
36.0
149.0
50.0
32.0
145.0
48.0
30.0
143.0
43.0
25.0
140.0
41.0
23.0
138.0
38.0
18.0
138.0
36.0
16.0
136.0
31.0
10.0
132.0
29.0
8.0
130.0
27.0
5.0
130.0
25.0
3.0
128.0
158.0
146.0
208.0
156.0
144.0
206.0
154.0
148.0
200.0
155.0
149.0
201.0
152.0
146.0
198.0
152.0
146.0
198.0
54.0
20.0
65.0
61.0
27.0
72.0
57.0
21.0
64.0
175.0
139.0
182.0
187.0
139.0
186.0
72.0
24.0
71.0
175.0
137.0
173.0
63.0
25.0
61.0
73.0
21.0
64.0
96.0
44.0
87.0
37.0
4.0
66.0
157.0
124.0
186.0
143.0
121.0
184.0
144.0
122.0
185.0
132.0
121.0
187.0
129.0
118.0
184.0
121.0
112.0
185.0
121.0
112.0
185.0
120.0
108.0
185.0
119.0
107.0
184.0
121.0
102.0
185.0
119.0
100.0
183.0
116.0
97.0
180.0
114.0
95.0
178.0
110.0
92.0
178.0
108.0
90.0
176.0
100.0
86.0
174.0
99.0
85.0
173.0
96.0
82.0
170.0
94.0
80.0
168.0
90.0
75.0
167.0
87.0
72.0
164.0
86.0
69.0
166.0
83.0
66.0
163.0
79.0
61.0
161.0
78.0
60.0
160.0
75.0
56.0
160.0
72.0
53.0
157.0
68.0
48.0
154.0
65.0
45.0
151.0
63.0
42.0
151.0
61.0
40.0
149.0
53.0
35.0
148.0
52.0
34.0
147.0
49.0
31.0
146.0
46.0
28.0
143.0
42.0
23.0
140.0
39.0
20.0
137.0
36.0
16.0
136.0
35.0
15.0
135.0
31.0
9.0
134.0
28.0
6.0
131.0
26.0
4.0
131.0
25.0
3.0
130.0
152.0
140.0
202.0
150.0
138.0
200.0
146.0
140.0
192.0
145.0
139.0
191.0
148.0
142.0
194.0
146.0
140.0
192.0
175.0
141.0
186.0
46.0
12.0
57.0
172.0
136.0
179.0
49.0
13.0
56.0
117.0
69.0
116.0
65.0
17.0
64.0
56.0
18.0
54.0
55.0
17.0
53.0
63.0
11.0
54.0
56.0
4.0
47.0
156.0
123.0
185.0
152.0
119.0
181.0
143.0
121.0
184.0
138.0
116.0
179.0
128.0
117.0
183.0
127.0
116.0
182.0
118.0
109.0
182.0
122.0
113.0
186.0
117.0
105.0
182.0
116.0
104.0
181.0
119.0
100.0
183.0
115.0
96.0
179.0
113.0
94.0
177.0
110.0
91.0
174.0
106.0
88.0
174.0
106.0
88.0
174.0
97.0
83.0
171.0
96.0
82.0
170.0
94.0
80.0
168.0
90.0
76.0
164.0
88.0
73.0
165.0
85.0
70.0
162.0
82.0
65.0
162.0
81.0
64.0
161.0
78.0
60.0
160.0
76.0
58.0
158.0
73.0
54.0
158.0
70.0
51.0
155.0
66.0
46.0
152.0
64.0
44.0
150.0
60.0
39.0
148.0
59.0
38.0
147.0
52.0
34.0
147.0
50.0
32.0
145.0
47.0
29.0
144.0
43.0
25.0
140.0
40.0
21.0
138.0
38.0
19.0
136.0
34.0
14.0
134.0
33.0
13.0
133.0
29.0
7.0
132.0
27.0
5.0
130.0
25.0
3.0
130.0
24.0
2.0
129.0
142.0
132.0
194.0
145.0
135.0
197.0
141.0
138.0
194.0
143.0
140.0
196.0
133.0
133.0
195.0
133.0
133.0
195.0
140.0
132.0
184.0
144.0
136.0
188.0
27.0
2.0
47.0
154.0
129.0
174.0
180.0
131.0
185.0
177.0
128.0
182.0
161.0
128.0
177.0
34.0
1.0
50.0
59.0
42.0
100.0
134.0
117.0
175.0
139.0
120.0
190.0
139.0
120.0
190.0
129.0
115.0
184.0
127.0
113.0
182.0
123.0
113.0
183.0
122.0
112.0
182.0
114.0
105.0
178.0
115.0
106.0
179.0
113.0
101.0
177.0
112.0
100.0
176.0
113.0
97.0
178.0
111.0
95.0
176.0
108.0
90.0
176.0
105.0
87.0
173.0
104.0
85.0
174.0
103.0
84.0
173.0
95.0
81.0
170.0
94.0
80.0
169.0
92.0
78.0
167.0
88.0
74.0
163.0
86.0
70.0
164.0
82.0
66.0
160.0
80.0
63.0
160.0
79.0
62.0
159.0
75.0
57.0
158.0
74.0
56.0
157.0
71.0
51.0
157.0
68.0
48.0
154.0
65.0
44.0
153.0
61.0
40.0
149.0
58.0
36.0
148.0
57.0
35.0
147.0
49.0
31.0
146.0
48.0
30.0
145.0
45.0
27.0
142.0
42.0
24.0
139.0
39.0
20.0
137.0
35.0
16.0
133.0
32.0
11.0
133.0
31.0
10.0
132.0
28.0
6.0
131.0
26.0
4.0
129.0
24.0
2.0
129.0
22.0
0.0
127.0
142.0
132.0
194.0
140.0
130.0
192.0
136.0
133.0
189.0
139.0
136.0
192.0
130.0
130.0
192.0
131.0
131.0
193.0
149.0
141.0
193.0
140.0
132.0
184.0
154.0
129.0
174.0
23.0
0.0
43.0
44.0
0.0
49.0
42.0
0.0
47.0
23.0
0.0
39.0
156.0
123.0
172.0
143.0
126.0
184.0
139.0
122.0
180.0
133.0
114.0
184.0
132.0
113.0
183.0
133.0
119.0
188.0
124.0
110.0
179.0
123.0
113.0
183.0
118.0
108.0
178.0
115.0
106.0
179.0
111.0
102.0
175.0
111.0
99.0
175.0
110.0
98.0
174.0
110.0
94.0
175.0
107.0
91.0
172.0
105.0
87.0
173.0
103.0
85.0
171.0
100.0
81.0
170.0
99.0
80.0
169.0
93.0
79.0
168.0
90.0
76.0
165.0
89.0
75.0
164.0
86.0
72.0
161.0
82.0
66.0
160.0
80.0
64.0
158.0
78.0
61.0
158.0
76.0
59.0
156.0
73.0
55.0
156.0
72.0
54.0
155.0
70.0
50.0
156.0
66.0
46.0
152.0
63.0
42.0
151.0
59.0
38.0
147.0
57.0
35.0
147.0
56.0
34.0
146.0
47.0
29.0
144.0
46.0
28.0
143.0
43.0
25.0
140.0
40.0
22.0
137.0
36.0
17.0
134.0
33.0
14.0
131.0
31.0
10.0
132.0
29.0
8.0
130.0
27.0
5.0
130.0
25.0
3.0
128.0
22.0
0.0
127.0
21.0
0.0
126.0
138.0
128.0
198.0
139.0
129.0
199.0
132.0
125.0
186.0
134.0
127.0
188.0
141.0
131.0
193.0
136.0
126.0
188.0
139.0
135.0
188.0
140.0
136.0
189.0
137.0
124.0
183.0
130.0
117.0
176.0
137.0
123.0
192.0
135.0
121.0
190.0
127.0
120.0
181.0
127.0
120.0
181.0
120.0
118.0
185.0
118.0
116.0
183.0
124.0
112.0
188.0
124.0
112.0
188.0
119.0
108.0
181.0
118.0
107.0
180.0
116.0
106.0
176.0
117.0
107.0
177.0
115.0
105.0
175.0
112.0
102.0
172.0
107.0
98.0
171.0
106.0
97.0
170.0
105.0
93.0
170.0
103.0
91.0
168.0
103.0
85.0
171.0
100.0
82.0
168.0
98.0
79.0
168.0
98.0
79.0
168.0
90.0
76.0
165.0
89.0
75.0
164.0
87.0
72.0
164.0
83.0
68.0
160.0
81.0
65.0
159.0
78.0
62.0
156.0
75.0
57.0
157.0
74.0
56.0
156.0
72.0
53.0
157.0
71.0
52.0
156.0
67.0
47.0
153.0
65.0
45.0
151.0
60.0
38.0
150.0
58.0
36.0
148.0
54.0
32.0
144.0
53.0
31.0
143.0
46.0
28.0
143.0
45.0
27.0
142.0
41.0
23.0
138.0
39.0
21.0
136.0
34.0
15.0
132.0
32.0
13.0
130.0
28.0
7.0
129.0
27.0
6.0
128.0
26.0
4.0
129.0
25.0
3.0
128.0
22.0
0.0
128.0
20.0
0.0
126.0
133.0
123.0
193.0
129.0
119.0
189.0
133.0
126.0
187.0
134.0
127.0
188.0
131.0
121.0
183.0
131.0
121.0
183.0
132.0
128.0
181.0
129.0
125.0
178.0
131.0
118.0
177.0
138.0
125.0
184.0
129.0
115.0
184.0
133.0
119.0
188.0
126.0
119.0
180.0
129.0
122.0
183.0
118.0
116.0
183.0
116.0
114.0
181.0
120.0
108.0
184.0
122.0
110.0
186.0
117.0
106.0
179.0
115.0
104.0
177.0
116.0
106.0
176.0
112.0
102.0
172.0
109.0
99.0
169.0
110.0
100.0
170.0
106.0
97.0
170.0
104.0
95.0
168.0
104.0
92.0
169.0
102.0
90.0
167.0
101.0
83.0
169.0
99.0
81.0
167.0
97.0
78.0
167.0
96.0
77.0
166.0
89.0
75.0
164.0
88.0
74.0
163.0
86.0
71.0
163.0
83.0
68.0
160.0
80.0
64.0
158.0
76.0
60.0
154.0
75.0
57.0
157.0
74.0
56.0
156.0
71.0
52.0
156.0
70.0
51.0
155.0
67.0
47.0
153.0
64.0
44.0
150.0
60.0
38.0
150.0
57.0
35.0
147.0
54.0
32.0
144.0
53.0
31.0
143.0
45.0
27.0
142.0
43.0
25.0
140.0
41.0
23.0
138.0
38.0
20.0
135.0
34.0
15.0
132.0
31.0
12.0
129.0
28.0
7.0
129.0
27.0
6.0
128.0
25.0
3.0
128.0
24.0
2.0
127.0
21.0
0.0
127.0
19.0
0.0
125.0
