000.0
000.0
000.0
000.0
000.0
000.0
000.0
000.0
000.0
000.0
000.0
000.0
000.0
000.0
000.0
000.0
000.0
000.0
000.0
000.0
000.0
000.0
000.0
000.0
000.0
000.0
000.0
000.0
000.0
000.0
000.0
000.0
000.0
000.0
000.0
000.0
000.0
000.0
000.0
000.0
000.0
000.0
000.0
000.0
000.0
000.0
000.0
000.0
000.0
000.0
000.0
000.0
000.0
000.0
000.0
000.0
000.0
000.0
000.0
000.0
000.0
000.0
000.0
000.0
000.0
000.0
000.0
000.0
000.0
000.0
000.0
000.0
000.0
000.0
000.0
000.0
000.0
000.0
000.0
000.0
000.0
000.0
000.0
000.0
000.0
000.0
000.0
000.0
000.0
000.0
000.0
000.0
000.0
000.0
000.0
000.0
000.0
000.0
000.0
000.0
000.0
000.0
000.0
000.0
000.0
000.0
000.0
000.0
000.0
000.0
000.0
000.0
000.0
000.0
000.0
000.0
000.0
000.0
000.0
000.0
000.0
000.0
000.0
000.0
000.0
000.0
000.0
000.0
000.0
000.0
000.0
000.0
000.0
000.0
000.0
000.0
000.0
000.0
001.0
001.0
001.0
000.0
000.0
000.0
000.0
000.0
000.0
000.0
000.0
000.0
000.0
000.0
000.0
000.0
000.0
000.0
000.0
000.0
000.0
000.0
000.0
000.0
000.0
000.0
000.0
000.0
000.0
000.0
000.0
000.0
000.0
000.0
000.0
000.0
000.0
000.0
000.0
000.0
000.0
000.0
000.0
000.0
000.0
000.0
000.0
000.0
000.0
000.0
000.0
000.0
000.0
000.0
000.0
000.0
000.0
000.0
000.0
000.0
000.0
000.0
000.0
000.0
000.0
000.0
000.0
000.0
000.0
000.0
000.0
000.0
000.0
000.0
000.0
000.0
000.0
000.0
000.0
000.0
000.0
000.0
000.0
000.0
000.0
000.0
000.0
000.0
000.0
000.0
000.0
000.0
000.0
000.0
000.0
000.0
000.0
000.0
000.0
000.0
000.0
000.0
000.0
000.0
000.0
000.0
000.0
000.0
000.0
000.0
000.0
000.0
000.0
000.0
000.0
000.0
000.0
000.0
000.0
000.0
000.0
000.0
000.0
000.0
000.0
000.0
000.0
000.0
000.0
000.0
000.0
000.0
000.0
000.0
000.0
000.0
000.0
000.0
000.0
000.0
000.0
000.0
000.0
000.0
000.0
000.0
000.0
000.0
000.0
000.0
000.0
000.0
000.0
000.0
000.0
000.0
000.0
000.0
000.0
000.0
000.0
000.0
000.0
000.0
000.0
000.0
000.0
000.0
000.0
000.0
000.0
000.0
000.0
000.0
000.0
000.0
000.0
000.0
000.0
000.0
000.0
000.0
000.0
000.0
000.0
000.0
000.0
000.0
000.0
000.0
000.0
000.0
000.0
000.0
000.0
000.0
000.0
000.0
000.0
000.0
000.0
000.0
000.0
000.0
000.0
000.0
000.0
000.0
000.0
000.0
000.0
000.0
000.0
000.0
000.0
000.0
000.0
000.0
000.0
000.0
000.0
000.0
000.0
000.0
000.0
000.0
000.0
000.0
000.0
000.0
000.0
000.0
000.0
000.0
000.0
000.0
000.0
000.0
000.0
000.0
000.0
000.0
000.0
000.0
000.0
000.0
000.0
000.0
000.0
000.0
000.0
000.0
000.0
000.0
000.0
000.0
000.0
000.0
000.0
000.0
000.0
000.0
000.0
000.0
000.0
000.0
000.0
000.0
000.0
000.0
000.0
000.0
000.0
000.0
000.0
000.0
000.0
000.0
000.0
000.0
000.0
000.0
000.0
000.0
000.0
000.0
000.0
000.0
000.0
000.0
000.0
000.0
000.0
000.0
000.0
000.0
000.0
000.0
000.0
000.0
000.0
000.0
000.0
000.0
000.0
000.0
000.0
000.0
000.0
000.0
000.0
000.0
000.0
000.0
000.0
000.0
000.0
000.0
000.0
000.0
000.0
000.0
000.0
000.0
000.0
000.0
000.0
000.0
000.0
000.0
000.0
000.0
000.0
000.0
000.0
000.0
000.0
000.0
000.0
000.0
000.0
000.0
000.0
000.0
000.0
000.0
000.0
000.0
000.0
000.0
000.0
000.0
000.0
000.0
000.0
000.0
000.0
000.0
000.0
000.0
000.0
000.0
000.0
000.0
000.0
000.0
000.0
000.0
000.0
000.0
000.0
000.0
000.0
000.0
000.0
000.0
000.0
000.0
000.0
000.0
000.0
000.0
000.0
000.0
000.0
000.0
000.0
000.0
000.0
000.0
000.0
000.0
000.0
000.0
000.0
000.0
000.0
000.0
000.0
000.0
000.0
000.0
000.0
000.0
000.0
000.0
000.0
000.0
000.0
000.0
000.0
000.0
000.0
000.0
000.0
000.0
000.0
000.0
000.0
000.0
000.0
000.0
000.0
000.0
000.0
000.0
000.0
000.0
000.0
000.0
000.0
000.0
000.0
000.0
000.0
000.0
000.0
000.0
000.0
000.0
000.0
000.0
000.0
000.0
000.0
000.0
000.0
000.0
000.0
000.0
000.0
000.0
000.0
000.0
000.0
000.0
000.0
000.0
000.0
000.0
000.0
000.0
000.0
000.0
000.0
000.0
000.0
000.0
000.0
000.0
000.0
000.0
000.0
000.0
000.0
000.0
000.0
000.0
000.0
000.0
000.0
000.0
000.0
000.0
000.0
000.0
000.0
000.0
000.0
000.0
000.0
000.0
000.0
000.0
000.0
000.0
000.0
000.0
000.0
000.0
000.0
000.0
000.0
000.0
000.0
000.0
000.0
000.0
000.0
000.0
000.0
000.0
000.0
000.0
000.0
000.0
000.0
000.0
000.0
000.0
000.0
000.0
000.0
000.0
000.0
000.0
000.0
000.0
000.0
000.0
000.0
000.0
000.0
000.0
000.0
000.0
000.0
000.0
000.0
000.0
000.0
000.0
000.0
000.0
000.0
000.0
000.0
000.0
000.0
000.0
000.0
000.0
000.0
000.0
000.0
000.0
000.0
000.0
000.0
000.0
000.0
000.0
000.0
000.0
000.0
000.0
000.0
000.0
000.0
000.0
000.0
000.0
000.0
000.0
000.0
000.0
000.0
000.0
000.0
000.0
000.0
000.0
000.0
000.0
000.0
000.0
000.0
000.0
000.0
000.0
000.0
000.0
000.0
000.0
000.0
000.0
000.0
000.0
000.0
000.0
000.0
000.0
000.0
000.0
000.0
000.0
000.0
000.0
000.0
000.0
000.0
000.0
000.0
000.0
000.0
000.0
000.0
000.0
000.0
000.0
000.0
000.0
000.0
000.0
000.0
000.0
000.0
000.0
000.0
000.0
000.0
000.0
000.0
000.0
000.0
000.0
000.0
000.0
000.0
000.0
000.0
000.0
037.0
078.0
063.0
000.0
000.0
000.0
000.0
000.0
000.0
000.0
000.0
000.0
000.0
000.0
000.0
000.0
000.0
000.0
000.0
000.0
000.0
000.0
000.0
000.0
000.0
000.0
000.0
000.0
000.0
000.0
000.0
000.0
000.0
000.0
000.0
000.0
000.0
000.0
000.0
000.0
000.0
000.0
000.0
000.0
000.0
000.0
000.0
000.0
000.0
000.0
000.0
000.0
000.0
000.0
022.0
086.0
070.0
039.0
000.0
004.0
000.0
000.0
000.0
000.0
000.0
000.0
000.0
000.0
000.0
000.0
000.0
000.0
000.0
000.0
000.0
000.0
000.0
000.0
000.0
000.0
000.0
000.0
000.0
000.0
000.0
000.0
000.0
000.0
000.0
000.0
000.0
000.0
000.0
000.0
000.0
000.0
000.0
000.0
000.0
000.0
000.0
000.0
000.0
000.0
000.0
000.0
000.0
000.0
000.0
000.0
000.0
000.0
000.0
000.0
000.0
000.0
000.0
000.0
000.0
000.0
000.0
000.0
000.0
000.0
000.0
000.0
000.0
000.0
000.0
000.0
000.0
000.0
000.0
000.0
000.0
000.0
000.0
000.0
000.0
000.0
000.0
000.0
000.0
000.0
000.0
000.0
000.0
000.0
000.0
000.0
000.0
000.0
000.0
000.0
000.0
000.0
000.0
000.0
000.0
000.0
000.0
000.0
000.0
000.0
000.0
000.0
000.0
000.0
000.0
000.0
000.0
000.0
000.0
000.0
040.0
089.0
076.0
000.0
000.0
000.0
107.0
003.0
023.0
049.0
164.0
139.0
000.0
000.0
000.0
000.0
000.0
000.0
000.0
000.0
000.0
000.0
000.0
000.0
000.0
000.0
000.0
000.0
000.0
000.0
000.0
000.0
000.0
000.0
000.0
000.0
000.0
000.0
000.0
000.0
000.0
000.0
000.0
000.0
000.0
000.0
000.0
000.0
000.0
000.0
000.0
000.0
000.0
000.0
000.0
000.0
000.0
000.0
000.0
000.0
000.0
000.0
000.0
113.0
157.0
135.0
001.0
029.0
023.0
002.0
000.0
000.0
025.0
074.0
061.0
000.0
000.0
000.0
000.0
000.0
000.0
000.0
000.0
000.0
000.0
000.0
000.0
000.0
000.0
000.0
000.0
000.0
000.0
000.0
000.0
000.0
000.0
000.0
000.0
000.0
000.0
000.0
000.0
000.0
000.0
000.0
000.0
000.0
000.0
000.0
000.0
000.0
000.0
000.0
000.0
000.0
000.0
000.0
000.0
000.0
000.0
000.0
000.0
000.0
000.0
000.0
000.0
000.0
000.0
000.0
000.0
000.0
000.0
000.0
000.0
000.0
000.0
000.0
000.0
000.0
000.0
000.0
000.0
000.0
000.0
000.0
000.0
000.0
000.0
000.0
000.0
000.0
000.0
000.0
000.0
000.0
000.0
000.0
000.0
000.0
000.0
000.0
000.0
000.0
000.0
000.0
000.0
000.0
000.0
000.0
000.0
000.0
000.0
000.0
000.0
000.0
000.0
088.0
189.0
166.0
080.0
003.0
013.0
011.0
089.0
077.0
105.0
206.0
182.0
057.0
001.0
007.0
000.0
000.0
000.0
000.0
000.0
000.0
000.0
000.0
000.0
000.0
000.0
000.0
000.0
000.0
000.0
000.0
000.0
000.0
000.0
000.0
000.0
000.0
000.0
000.0
000.0
000.0
000.0
000.0
000.0
000.0
000.0
000.0
000.0
000.0
000.0
000.0
000.0
000.0
000.0
000.0
000.0
000.0
000.0
000.0
000.0
001.0
021.0
017.0
042.0
222.0
194.0
132.0
016.0
034.0
001.0
015.0
011.0
107.0
194.0
171.0
065.0
002.0
009.0
000.0
000.0
000.0
000.0
000.0
000.0
000.0
000.0
000.0
000.0
000.0
000.0
000.0
000.0
000.0
000.0
000.0
000.0
000.0
000.0
000.0
000.0
000.0
000.0
000.0
000.0
000.0
000.0
000.0
000.0
000.0
000.0
000.0
000.0
000.0
000.0
000.0
000.0
000.0
000.0
000.0
000.0
000.0
000.0
000.0
000.0
000.0
000.0
000.0
000.0
000.0
000.0
000.0
000.0
000.0
000.0
000.0
000.0
000.0
000.0
000.0
000.0
000.0
012.0
089.0
074.0
224.0
238.0
234.0
254.0
255.0
255.0
250.0
251.0
251.0
226.0
226.0
226.0
186.0
186.0
186.0
080.0
080.0
080.0
000.0
000.0
000.0
000.0
000.0
000.0
000.0
000.0
000.0
000.0
000.0
000.0
000.0
000.0
000.0
000.0
000.0
000.0
108.0
006.0
019.0
091.0
213.0
192.0
019.0
136.0
122.0
137.0
021.0
036.0
043.0
232.0
209.0
025.0
154.0
139.0
000.0
000.0
000.0
000.0
000.0
000.0
000.0
000.0
000.0
000.0
000.0
000.0
000.0
000.0
000.0
000.0
000.0
000.0
000.0
000.0
000.0
000.0
000.0
000.0
000.0
000.0
000.0
000.0
000.0
000.0
000.0
000.0
000.0
000.0
000.0
000.0
000.0
000.0
000.0
000.0
000.0
000.0
000.0
000.0
000.0
102.0
131.0
120.0
043.0
233.0
209.0
010.0
089.0
078.0
110.0
114.0
106.0
041.0
224.0
201.0
001.0
000.0
000.0
000.0
000.0
000.0
000.0
000.0
000.0
000.0
000.0
000.0
000.0
000.0
000.0
000.0
000.0
000.0
000.0
000.0
000.0
000.0
000.0
000.0
000.0
000.0
000.0
000.0
000.0
000.0
000.0
000.0
000.0
000.0
000.0
000.0
000.0
000.0
000.0
000.0
000.0
000.0
000.0
000.0
000.0
000.0
000.0
000.0
000.0
000.0
000.0
000.0
000.0
000.0
000.0
000.0
000.0
000.0
000.0
000.0
000.0
000.0
000.0
000.0
000.0
000.0
000.0
000.0
000.0
000.0
000.0
000.0
000.0
000.0
000.0
000.0
000.0
000.0
000.0
000.0
000.0
000.0
000.0
000.0
000.0
000.0
000.0
000.0
000.0
000.0
000.0
000.0
000.0
000.0
000.0
000.0
000.0
000.0
000.0
000.0
000.0
000.0
036.0
210.0
195.0
090.0
202.0
189.0
056.0
032.0
030.0
039.0
225.0
209.0
061.0
219.0
204.0
068.0
087.0
083.0
000.0
000.0
000.0
000.0
000.0
000.0
000.0
000.0
000.0
000.0
000.0
000.0
000.0
000.0
000.0
000.0
000.0
000.0
000.0
000.0
000.0
000.0
000.0
000.0
000.0
000.0
000.0
000.0
000.0
000.0
000.0
000.0
000.0
000.0
000.0
000.0
000.0
000.0
000.0
012.0
103.0
096.0
039.0
223.0
207.0
065.0
218.0
203.0
137.0
042.0
045.0
036.0
211.0
196.0
111.0
201.0
187.0
103.0
006.0
016.0
000.0
000.0
000.0
000.0
000.0
000.0
013.0
013.0
013.0
000.0
000.0
000.0
000.0
000.0
000.0
134.0
134.0
134.0
249.0
250.0
250.0
215.0
250.0
239.0
146.0
208.0
191.0
076.0
167.0
146.0
029.0
157.0
133.0
077.0
160.0
142.0
005.0
053.0
044.0
000.0
000.0
000.0
000.0
000.0
000.0
000.0
000.0
000.0
000.0
000.0
000.0
000.0
000.0
000.0
000.0
000.0
000.0
000.0
000.0
000.0
000.0
000.0
000.0
000.0
000.0
000.0
000.0
000.0
000.0
000.0
000.0
000.0
000.0
000.0
000.0
000.0
000.0
000.0
024.0
132.0
112.0
221.0
250.0
242.0
226.0
226.0
226.0
000.0
000.0
000.0
004.0
050.0
041.0
218.0
241.0
234.0
235.0
235.0
235.0
050.0
050.0
050.0
037.0
002.0
002.0
154.0
161.0
156.0
037.0
224.0
216.0
096.0
177.0
171.0
128.0
189.0
182.0
037.0
224.0
216.0
035.0
215.0
206.0
011.0
104.0
100.0
000.0
000.0
000.0
000.0
000.0
000.0
000.0
000.0
000.0
000.0
000.0
000.0
000.0
000.0
000.0
000.0
000.0
000.0
000.0
000.0
000.0
000.0
000.0
000.0
000.0
000.0
000.0
000.0
000.0
000.0
000.0
000.0
000.0
047.0
091.0
089.0
058.0
212.0
204.0
037.0
224.0
216.0
031.0
194.0
186.0
090.0
161.0
156.0
037.0
224.0
216.0
026.0
174.0
167.0
000.0
000.0
000.0
000.0
000.0
000.0
000.0
000.0
000.0
000.0
000.0
000.0
000.0
000.0
000.0
000.0
000.0
000.0
000.0
000.0
000.0
000.0
000.0
000.0
000.0
000.0
000.0
000.0
000.0
000.0
000.0
000.0
000.0
000.0
000.0
000.0
000.0
000.0
000.0
000.0
000.0
000.0
000.0
000.0
000.0
000.0
000.0
000.0
000.0
000.0
000.0
000.0
000.0
000.0
000.0
000.0
000.0
000.0
000.0
000.0
000.0
000.0
000.0
000.0
000.0
000.0
000.0
000.0
000.0
000.0
000.0
000.0
000.0
000.0
000.0
000.0
000.0
000.0
000.0
000.0
000.0
000.0
000.0
000.0
000.0
000.0
000.0
000.0
000.0
000.0
000.0
000.0
000.0
000.0
000.0
000.0
000.0
000.0
000.0
000.0
000.0
000.0
008.0
092.0
091.0
034.0
220.0
217.0
035.0
221.0
219.0
074.0
186.0
184.0
034.0
221.0
219.0
034.0
221.0
219.0
038.0
215.0
213.0
031.0
127.0
127.0
000.0
000.0
000.0
000.0
000.0
000.0
000.0
000.0
000.0
000.0
000.0
000.0
000.0
000.0
000.0
000.0
000.0
000.0
000.0
000.0
000.0
000.0
000.0
000.0
000.0
000.0
000.0
017.0
135.0
135.0
034.0
217.0
215.0
034.0
221.0
219.0
035.0
221.0
218.0
111.0
186.0
185.0
035.0
221.0
219.0
054.0
217.0
214.0
212.0
170.0
167.0
016.0
108.0
090.0
000.0
000.0
000.0
198.0
198.0
198.0
255.0
255.0
255.0
089.0
155.0
137.0
000.0
000.0
000.0
209.0
209.0
209.0
246.0
253.0
251.0
154.0
162.0
159.0
123.0
123.0
123.0
123.0
123.0
123.0
144.0
144.0
144.0
166.0
166.0
166.0
127.0
127.0
127.0
039.0
039.0
039.0
000.0
000.0
000.0
000.0
000.0
000.0
000.0
000.0
000.0
000.0
000.0
000.0
000.0
000.0
000.0
096.0
124.0
115.0
240.0
240.0
240.0
248.0
254.0
252.0
232.0
252.0
245.0
231.0
252.0
245.0
232.0
252.0
246.0
238.0
253.0
248.0
232.0
252.0
246.0
203.0
216.0
212.0
061.0
061.0
061.0
000.0
000.0
000.0
184.0
219.0
208.0
252.0
252.0
252.0
089.0
089.0
089.0
000.0
000.0
000.0
146.0
191.0
179.0
252.0
242.0
242.0
167.0
162.0
164.0
031.0
217.0
222.0
031.0
217.0
222.0
032.0
217.0
222.0
031.0
217.0
222.0
031.0
217.0
222.0
031.0
217.0
222.0
023.0
175.0
179.0
003.0
053.0
055.0
000.0
000.0
000.0
000.0
000.0
000.0
000.0
000.0
000.0
000.0
000.0
000.0
000.0
000.0
000.0
003.0
046.0
047.0
028.0
170.0
174.0
032.0
217.0
222.0
031.0
217.0
222.0
031.0
217.0
222.0
031.0
217.0
222.0
031.0
217.0
222.0
031.0
217.0
222.0
021.0
163.0
166.0
000.0
000.0
000.0
000.0
000.0
000.0
000.0
000.0
000.0
000.0
000.0
000.0
000.0
000.0
000.0
000.0
000.0
000.0
000.0
000.0
000.0
000.0
000.0
000.0
000.0
000.0
000.0
000.0
000.0
000.0
000.0
000.0
000.0
000.0
000.0
000.0
000.0
000.0
000.0
000.0
000.0
000.0
000.0
000.0
000.0
000.0
000.0
000.0
000.0
000.0
000.0
000.0
000.0
000.0
000.0
000.0
000.0
000.0
000.0
000.0
000.0
000.0
000.0
000.0
000.0
000.0
000.0
000.0
000.0
000.0
000.0
000.0
000.0
000.0
000.0
000.0
000.0
000.0
000.0
000.0
000.0
000.0
000.0
000.0
000.0
000.0
000.0
000.0
000.0
000.0
000.0
000.0
000.0
000.0
000.0
000.0
000.0
000.0
000.0
000.0
000.0
000.0
000.0
000.0
000.0
000.0
000.0
000.0
001.0
028.0
030.0
025.0
188.0
199.0
029.0
213.0
226.0
029.0
213.0
226.0
029.0
213.0
226.0
029.0
213.0
226.0
029.0
213.0
226.0
029.0
213.0
226.0
027.0
199.0
210.0
017.0
104.0
111.0
000.0
000.0
000.0
000.0
000.0
000.0
000.0
000.0
000.0
010.0
115.0
122.0
027.0
201.0
213.0
029.0
213.0
226.0
029.0
213.0
226.0
029.0
213.0
226.0
029.0
213.0
226.0
029.0
213.0
226.0
029.0
213.0
226.0
128.0
181.0
189.0
139.0
039.0
036.0
239.0
239.0
239.0
214.0
242.0
234.0
002.0
032.0
025.0
000.0
000.0
000.0
201.0
201.0
201.0
238.0
252.0
248.0
012.0
093.0
077.0
000.0
000.0
000.0
000.0
000.0
000.0
008.0
076.0
062.0
018.0
115.0
097.0
018.0
115.0
097.0
012.0
092.0
076.0
001.0
022.0
017.0
080.0
112.0
104.0
253.0
253.0
253.0
193.0
229.0
218.0
000.0
000.0
000.0
000.0
000.0
000.0
000.0
000.0
000.0
000.0
000.0
000.0
155.0
228.0
208.0
255.0
255.0
255.0
146.0
146.0
146.0
000.0
000.0
000.0
000.0
000.0
000.0
000.0
000.0
000.0
000.0
000.0
000.0
000.0
000.0
000.0
000.0
000.0
000.0
000.0
000.0
000.0
135.0
183.0
169.0
252.0
252.0
252.0
092.0
092.0
092.0
000.0
000.0
000.0
080.0
146.0
129.0
252.0
254.0
254.0
167.0
167.0
167.0
000.0
000.0
000.0
154.0
051.0
050.0
121.0
185.0
200.0
027.0
210.0
228.0
027.0
210.0
228.0
027.0
210.0
228.0
027.0
210.0
228.0
027.0
210.0
228.0
027.0
210.0
228.0
026.0
210.0
228.0
017.0
159.0
174.0
003.0
018.0
021.0
027.0
148.0
162.0
028.0
208.0
226.0
027.0
210.0
228.0
027.0
210.0
228.0
027.0
210.0
228.0
027.0
210.0
228.0
027.0
210.0
228.0
027.0
210.0
228.0
023.0
189.0
205.0
002.0
053.0
056.0
000.0
000.0
000.0
000.0
000.0
000.0
000.0
000.0
000.0
000.0
000.0
000.0
000.0
000.0
000.0
000.0
000.0
000.0
000.0
000.0
000.0
000.0
000.0
000.0
000.0
000.0
000.0
000.0
000.0
000.0
000.0
000.0
000.0
000.0
000.0
000.0
000.0
000.0
000.0
000.0
000.0
000.0
000.0
000.0
000.0
000.0
000.0
000.0
000.0
000.0
000.0
000.0
000.0
000.0
000.0
000.0
000.0
000.0
000.0
000.0
000.0
000.0
000.0
000.0
000.0
000.0
000.0
000.0
000.0
000.0
000.0
000.0
000.0
000.0
000.0
000.0
000.0
000.0
000.0
000.0
000.0
000.0
000.0
000.0
000.0
000.0
000.0
000.0
000.0
000.0
000.0
000.0
000.0
000.0
000.0
000.0
000.0
000.0
000.0
000.0
000.0
000.0
000.0
000.0
000.0
000.0
000.0
000.0
000.0
000.0
000.0
000.0
000.0
000.0
000.0
000.0
000.0
002.0
049.0
055.0
022.0
180.0
201.0
023.0
206.0
231.0
023.0
206.0
231.0
023.0
206.0
231.0
023.0
206.0
231.0
023.0
206.0
231.0
023.0
206.0
231.0
023.0
206.0
231.0
042.0
170.0
191.0
090.0
180.0
196.0
023.0
206.0
231.0
023.0
206.0
231.0
023.0
206.0
231.0
023.0
206.0
231.0
023.0
206.0
231.0
023.0
206.0
231.0
130.0
175.0
194.0
155.0
051.0
048.0
000.0
000.0
000.0
000.0
000.0
000.0
033.0
033.0
033.0
241.0
241.0
241.0
175.0
213.0
202.0
000.0
000.0
000.0
000.0
000.0
000.0
156.0
175.0
169.0
112.0
189.0
169.0
000.0
000.0
000.0
000.0
000.0
000.0
184.0
184.0
184.0
184.0
184.0
184.0
172.0
172.0
172.0
202.0
202.0
202.0
235.0
235.0
235.0
245.0
254.0
251.0
166.0
234.0
215.0
022.0
126.0
106.0
000.0
000.0
000.0
000.0
000.0
000.0
000.0
000.0
000.0
000.0
000.0
000.0
000.0
000.0
000.0
003.0
052.0
042.0
030.0
148.0
125.0
141.0
201.0
185.0
176.0
224.0
211.0
203.0
227.0
220.0
199.0
227.0
218.0
153.0
167.0
163.0
000.0
000.0
000.0
144.0
151.0
149.0
191.0
191.0
191.0
056.0
056.0
056.0
000.0
000.0
000.0
001.0
023.0
017.0
130.0
207.0
187.0
134.0
143.0
141.0
000.0
000.0
000.0
000.0
000.0
000.0
000.0
000.0
000.0
000.0
000.0
000.0
141.0
032.0
018.0
152.0
158.0
179.0
020.0
203.0
235.0
020.0
203.0
235.0
020.0
203.0
235.0
020.0
203.0
235.0
160.0
218.0
237.0
138.0
207.0
228.0
020.0
203.0
235.0
020.0
203.0
235.0
020.0
203.0
235.0
020.0
203.0
235.0
020.0
203.0
235.0
020.0
203.0
235.0
020.0
203.0
235.0
145.0
221.0
236.0
231.0
234.0
234.0
097.0
109.0
105.0
153.0
161.0
158.0
100.0
100.0
100.0
000.0
000.0
000.0
000.0
000.0
000.0
000.0
000.0
000.0
000.0
000.0
000.0
000.0
000.0
000.0
000.0
000.0
000.0
000.0
000.0
000.0
000.0
000.0
000.0
000.0
000.0
000.0
000.0
000.0
000.0
000.0
000.0
000.0
000.0
000.0
000.0
000.0
000.0
000.0
000.0
000.0
000.0
000.0
000.0
000.0
000.0
000.0
000.0
000.0
000.0
000.0
000.0
000.0
000.0
000.0
000.0
000.0
000.0
000.0
000.0
000.0
000.0
000.0
000.0
000.0
000.0
000.0
000.0
000.0
000.0
000.0
000.0
000.0
000.0
000.0
000.0
000.0
000.0
000.0
000.0
000.0
000.0
000.0
000.0
000.0
000.0
000.0
000.0
000.0
000.0
000.0
000.0
000.0
000.0
000.0
000.0
102.0
102.0
102.0
150.0
155.0
153.0
003.0
048.0
038.0
000.0
000.0
000.0
174.0
174.0
174.0
255.0
255.0
255.0
237.0
248.0
245.0
192.0
243.0
229.0
028.0
151.0
127.0
018.0
136.0
162.0
019.0
198.0
236.0
017.0
199.0
238.0
017.0
199.0
238.0
017.0
199.0
238.0
017.0
199.0
238.0
017.0
199.0
238.0
017.0
199.0
238.0
170.0
198.0
218.0
097.0
208.0
238.0
017.0
199.0
238.0
043.0
196.0
234.0
172.0
131.0
149.0
116.0
022.0
004.0
000.0
000.0
000.0
000.0
000.0
000.0
029.0
029.0
029.0
000.0
000.0
000.0
000.0
000.0
000.0
000.0
000.0
000.0
180.0
180.0
180.0
170.0
175.0
174.0
001.0
000.0
000.0
096.0
096.0
096.0
244.0
246.0
246.0
196.0
248.0
233.0
010.0
080.0
066.0
000.0
000.0
000.0
000.0
000.0
000.0
000.0
000.0
000.0
000.0
000.0
000.0
000.0
000.0
000.0
000.0
000.0
000.0
000.0
000.0
000.0
000.0
000.0
000.0
000.0
000.0
000.0
000.0
000.0
000.0
000.0
000.0
000.0
000.0
000.0
000.0
000.0
000.0
000.0
000.0
000.0
000.0
000.0
000.0
000.0
000.0
000.0
000.0
000.0
000.0
000.0
000.0
000.0
000.0
000.0
000.0
000.0
000.0
000.0
000.0
000.0
000.0
000.0
014.0
101.0
083.0
009.0
075.0
061.0
000.0
000.0
000.0
023.0
133.0
112.0
218.0
250.0
241.0
233.0
236.0
235.0
000.0
000.0
000.0
016.0
109.0
091.0
230.0
239.0
236.0
205.0
205.0
205.0
042.0
042.0
042.0
000.0
000.0
000.0
000.0
000.0
000.0
081.0
014.0
002.0
180.0
104.0
115.0
072.0
180.0
220.0
182.0
193.0
209.0
039.0
185.0
227.0
022.0
187.0
231.0
022.0
187.0
231.0
022.0
187.0
231.0
022.0
187.0
231.0
022.0
187.0
231.0
024.0
183.0
226.0
016.0
106.0
130.0
000.0
000.0
000.0
000.0
000.0
000.0
040.0
171.0
145.0
255.0
255.0
255.0
247.0
247.0
247.0
059.0
059.0
059.0
000.0
000.0
000.0
085.0
151.0
134.0
254.0
255.0
254.0
210.0
210.0
210.0
000.0
000.0
000.0
162.0
184.0
178.0
156.0
156.0
156.0
000.0
000.0
000.0
000.0
000.0
000.0
000.0
000.0
000.0
000.0
000.0
000.0
000.0
000.0
000.0
000.0
000.0
000.0
000.0
000.0
000.0
001.0
001.0
001.0
000.0
000.0
000.0
000.0
000.0
000.0
000.0
000.0
000.0
000.0
000.0
000.0
000.0
000.0
000.0
000.0
000.0
000.0
001.0
001.0
001.0
000.0
000.0
000.0
000.0
000.0
000.0
000.0
000.0
000.0
000.0
000.0
000.0
000.0
000.0
000.0
000.0
000.0
000.0
000.0
000.0
000.0
243.0
243.0
243.0
193.0
244.0
229.0
000.0
000.0
000.0
115.0
115.0
115.0
255.0
255.0
255.0
182.0
216.0
206.0
000.0
000.0
000.0
000.0
000.0
000.0
195.0
195.0
195.0
217.0
233.0
240.0
053.0
159.0
178.0
014.0
098.0
127.0
002.0
036.0
050.0
000.0
000.0
000.0
014.0
082.0
103.0
027.0
167.0
211.0
028.0
174.0
220.0
028.0
174.0
220.0
028.0
174.0
220.0
028.0
174.0
220.0
028.0
174.0
220.0
176.0
175.0
192.0
228.0
199.0
199.0
189.0
184.0
184.0
117.0
129.0
135.0
015.0
106.0
136.0
053.0
130.0
164.0
185.0
172.0
180.0
236.0
247.0
241.0
126.0
215.0
193.0
004.0
053.0
044.0
000.0
000.0
000.0
004.0
052.0
043.0
017.0
107.0
091.0
000.0
000.0
000.0
000.0
000.0
000.0
000.0
000.0
000.0
000.0
000.0
000.0
000.0
000.0
000.0
000.0
000.0
000.0
000.0
000.0
000.0
000.0
000.0
000.0
000.0
000.0
000.0
000.0
000.0
000.0
002.0
002.0
002.0
000.0
000.0
000.0
000.0
000.0
000.0
000.0
000.0
000.0
000.0
000.0
000.0
000.0
000.0
000.0
000.0
000.0
000.0
000.0
000.0
000.0
000.0
000.0
000.0
002.0
001.0
001.0
000.0
000.0
000.0
000.0
000.0
000.0
000.0
000.0
000.0
000.0
000.0
000.0
000.0
000.0
000.0
000.0
000.0
000.0
000.0
000.0
000.0
000.0
000.0
000.0
000.0
000.0
000.0
000.0
000.0
000.0
000.0
000.0
000.0
000.0
000.0
000.0
000.0
000.0
000.0
000.0
000.0
000.0
000.0
002.0
001.0
041.0
154.0
131.0
152.0
206.0
186.0
178.0
183.0
160.0
142.0
143.0
168.0
044.0
161.0
209.0
154.0
197.0
225.0
175.0
200.0
204.0
139.0
141.0
171.0
035.0
160.0
209.0
035.0
160.0
209.0
035.0
160.0
209.0
035.0
160.0
209.0
035.0
160.0
209.0
012.0
081.0
108.0
012.0
071.0
096.0
027.0
129.0
171.0
034.0
158.0
206.0
056.0
138.0
176.0
196.0
224.0
219.0
255.0
255.0
255.0
091.0
091.0
091.0
000.0
000.0
000.0
011.0
089.0
073.0
236.0
252.0
248.0
212.0
212.0
212.0
000.0
000.0
000.0
000.0
000.0
000.0
172.0
224.0
209.0
255.0
255.0
255.0
000.0
000.0
000.0
000.0
000.0
000.0
000.0
000.0
000.0
000.0
000.0
000.0
000.0
000.0
000.0
000.0
000.0
000.0
080.0
081.0
081.0
154.0
154.0
154.0
080.0
080.0
080.0
000.0
000.0
000.0
000.0
000.0
000.0
000.0
000.0
000.0
000.0
000.0
000.0
104.0
104.0
104.0
241.0
241.0
241.0
241.0
241.0
241.0
105.0
117.0
113.0
000.0
000.0
000.0
000.0
000.0
000.0
000.0
000.0
000.0
000.0
000.0
000.0
112.0
112.0
112.0
255.0
255.0
255.0
143.0
211.0
192.0
000.0
000.0
000.0
000.0
000.0
000.0
115.0
115.0
115.0
255.0
255.0
255.0
131.0
181.0
167.0
000.0
000.0
000.0
000.0
000.0
000.0
211.0
211.0
211.0
246.0
254.0
251.0
057.0
121.0
105.0
047.0
092.0
121.0
042.0
143.0
194.0
041.0
146.0
199.0
033.0
118.0
161.0
038.0
138.0
188.0
041.0
146.0
199.0
041.0
146.0
199.0
041.0
146.0
199.0
041.0
146.0
199.0
122.0
135.0
168.0
076.0
133.0
178.0
089.0
143.0
188.0
164.0
105.0
103.0
088.0
053.0
034.0
000.0
000.0
000.0
000.0
000.0
000.0
000.0
000.0
000.0
000.0
000.0
000.0
000.0
000.0
000.0
000.0
000.0
000.0
000.0
000.0
000.0
000.0
000.0
000.0
000.0
000.0
000.0
000.0
000.0
000.0
000.0
000.0
000.0
000.0
000.0
000.0
000.0
000.0
000.0
000.0
000.0
000.0
000.0
000.0
000.0
000.0
000.0
000.0
000.0
000.0
000.0
001.0
001.0
001.0
001.0
000.0
000.0
000.0
000.0
000.0
000.0
000.0
000.0
000.0
000.0
000.0
000.0
000.0
000.0
000.0
000.0
000.0
000.0
000.0
000.0
000.0
000.0
000.0
000.0
000.0
000.0
002.0
000.0
000.0
001.0
002.0
002.0
000.0
000.0
000.0
000.0
000.0
000.0
000.0
000.0
000.0
000.0
000.0
000.0
000.0
000.0
000.0
000.0
000.0
000.0
000.0
000.0
000.0
000.0
000.0
000.0
000.0
000.0
000.0
000.0
000.0
000.0
000.0
000.0
000.0
000.0
000.0
000.0
000.0
000.0
000.0
000.0
000.0
000.0
000.0
000.0
000.0
000.0
000.0
000.0
000.0
000.0
000.0
000.0
000.0
000.0
025.0
008.0
002.0
154.0
095.0
072.0
110.0
121.0
154.0
130.0
128.0
157.0
046.0
132.0
188.0
046.0
132.0
188.0
046.0
132.0
188.0
046.0
132.0
188.0
046.0
132.0
188.0
046.0
132.0
188.0
046.0
124.0
175.0
022.0
054.0
076.0
000.0
000.0
000.0
169.0
205.0
194.0
255.0
255.0
255.0
129.0
129.0
129.0
000.0
000.0
000.0
000.0
000.0
000.0
203.0
237.0
227.0
215.0
215.0
215.0
000.0
000.0
000.0
000.0
000.0
000.0
000.0
000.0
000.0
124.0
195.0
176.0
255.0
255.0
255.0
132.0
132.0
132.0
000.0
000.0
000.0
000.0
000.0
000.0
000.0
000.0
000.0
137.0
144.0
142.0
250.0
250.0
250.0
225.0
226.0
225.0
072.0
073.0
073.0
000.0
000.0
000.0
000.0
000.0
000.0
000.0
000.0
000.0
000.0
000.0
000.0
000.0
000.0
000.0
000.0
000.0
000.0
000.0
000.0
000.0
045.0
045.0
045.0
204.0
204.0
204.0
254.0
255.0
255.0
171.0
175.0
173.0
000.0
000.0
000.0
000.0
000.0
000.0
168.0
168.0
168.0
255.0
255.0
255.0
049.0
168.0
143.0
000.0
000.0
000.0
000.0
000.0
000.0
000.0
000.0
000.0
079.0
079.0
079.0
029.0
150.0
126.0
003.0
040.0
032.0
000.0
000.0
000.0
000.0
000.0
000.0
228.0
228.0
228.0
236.0
251.0
247.0
013.0
082.0
070.0
000.0
000.0
000.0
011.0
034.0
053.0
047.0
109.0
162.0
053.0
119.0
178.0
053.0
119.0
178.0
053.0
119.0
178.0
053.0
119.0
178.0
053.0
119.0
178.0
141.0
122.0
139.0
082.0
053.0
041.0
002.0
001.0
000.0
000.0
000.0
000.0
000.0
000.0
000.0
000.0
000.0
000.0
000.0
000.0
000.0
000.0
000.0
000.0
000.0
000.0
000.0
000.0
000.0
000.0
000.0
000.0
000.0
000.0
000.0
000.0
000.0
000.0
000.0
000.0
000.0
000.0
000.0
000.0
000.0
000.0
000.0
000.0
000.0
000.0
000.0
000.0
000.0
000.0
000.0
000.0
000.0
000.0
000.0
000.0
000.0
000.0
000.0
000.0
001.0
000.0
001.0
002.0
001.0
000.0
000.0
000.0
000.0
000.0
000.0
000.0
000.0
000.0
000.0
000.0
000.0
000.0
000.0
000.0
000.0
000.0
000.0
000.0
000.0
000.0
000.0
000.0
000.0
000.0
000.0
000.0
000.0
000.0
000.0
002.0
000.0
000.0
001.0
002.0
002.0
000.0
000.0
000.0
000.0
000.0
000.0
000.0
000.0
000.0
000.0
000.0
000.0
000.0
000.0
000.0
000.0
000.0
000.0
000.0
000.0
000.0
000.0
000.0
000.0
000.0
000.0
000.0
000.0
000.0
000.0
000.0
000.0
000.0
000.0
000.0
000.0
000.0
000.0
000.0
000.0
000.0
000.0
000.0
000.0
000.0
000.0
000.0
000.0
000.0
000.0
000.0
000.0
000.0
000.0
000.0
000.0
000.0
000.0
000.0
000.0
141.0
117.0
112.0
060.0
105.0
167.0
060.0
105.0
167.0
060.0
105.0
167.0
060.0
105.0
167.0
055.0
100.0
158.0
013.0
032.0
055.0
000.0
000.0
000.0
000.0
000.0
000.0
044.0
135.0
115.0
174.0
223.0
210.0
142.0
143.0
142.0
000.0
000.0
000.0
011.0
089.0
074.0
224.0
227.0
226.0
224.0
224.0
224.0
000.0
000.0
000.0
000.0
000.0
000.0
000.0
000.0
000.0
000.0
000.0
000.0
028.0
156.0
131.0
249.0
254.0
253.0
187.0
187.0
187.0
014.0
037.0
029.0
201.0
203.0
203.0
255.0
255.0
255.0
178.0
178.0
178.0
000.0
000.0
000.0
000.0
000.0
000.0
000.0
000.0
000.0
000.0
000.0
000.0
000.0
000.0
000.0
000.0
000.0
000.0
000.0
000.0
000.0
000.0
000.0
000.0
000.0
000.0
000.0
000.0
000.0
000.0
000.0
000.0
000.0
001.0
001.0
001.0
000.0
000.0
000.0
148.0
148.0
148.0
250.0
250.0
250.0
222.0
224.0
224.0
210.0
211.0
210.0
232.0
252.0
245.0
019.0
119.0
100.0
000.0
000.0
000.0
000.0
000.0
000.0
000.0
000.0
000.0
000.0
000.0
000.0
180.0
188.0
185.0
179.0
225.0
212.0
018.0
116.0
097.0
000.0
000.0
000.0
000.0
000.0
000.0
000.0
000.0
000.0
000.0
000.0
000.0
000.0
000.0
000.0
000.0
000.0
000.0
000.0
000.0
000.0
027.0
043.0
077.0
065.0
091.0
156.0
065.0
091.0
157.0
065.0
091.0
157.0
072.0
095.0
155.0
133.0
113.0
074.0
000.0
000.0
000.0
000.0
000.0
000.0
000.0
000.0
000.0
000.0
000.0
000.0
000.0
000.0
000.0
000.0
000.0
000.0
000.0
000.0
000.0
000.0
000.0
000.0
000.0
000.0
000.0
000.0
000.0
000.0
000.0
000.0
000.0
000.0
000.0
000.0
000.0
000.0
000.0
000.0
000.0
000.0
000.0
000.0
000.0
000.0
000.0
000.0
000.0
000.0
000.0
000.0
000.0
000.0
000.0
000.0
000.0
000.0
000.0
000.0
001.0
000.0
000.0
000.0
000.0
000.0
000.0
000.0
000.0
000.0
000.0
000.0
000.0
000.0
000.0
000.0
000.0
000.0
000.0
000.0
000.0
000.0
000.0
000.0
000.0
000.0
000.0
000.0
000.0
000.0
000.0
000.0
000.0
000.0
000.0
000.0
000.0
000.0
000.0
000.0
000.0
000.0
000.0
000.0
000.0
000.0
000.0
000.0
000.0
000.0
000.0
000.0
000.0
000.0
000.0
000.0
000.0
000.0
000.0
000.0
000.0
000.0
000.0
000.0
000.0
000.0
000.0
000.0
000.0
000.0
000.0
000.0
000.0
000.0
000.0
000.0
000.0
000.0
000.0
000.0
000.0
000.0
000.0
000.0
000.0
000.0
000.0
000.0
000.0
000.0
000.0
000.0
000.0
000.0
000.0
000.0
000.0
000.0
000.0
000.0
000.0
000.0
077.0
070.0
039.0
126.0
123.0
134.0
071.0
078.0
146.0
071.0
078.0
146.0
054.0
060.0
115.0
000.0
000.0
000.0
000.0
000.0
000.0
000.0
000.0
000.0
000.0
000.0
000.0
000.0
000.0
000.0
000.0
000.0
000.0
000.0
000.0
000.0
000.0
000.0
000.0
000.0
000.0
000.0
000.0
000.0
000.0
000.0
000.0
000.0
000.0
000.0
000.0
000.0
000.0
000.0
000.0
000.0
000.0
000.0
000.0
000.0
014.0
097.0
081.0
218.0
250.0
240.0
255.0
255.0
255.0
241.0
241.0
241.0
119.0
119.0
119.0
000.0
000.0
000.0
002.0
001.0
001.0
000.0
000.0
000.0
000.0
000.0
000.0
000.0
000.0
000.0
000.0
000.0
000.0
000.0
000.0
000.0
000.0
000.0
000.0
000.0
000.0
000.0
000.0
000.0
000.0
000.0
000.0
000.0
000.0
000.0
000.0
000.0
000.0
000.0
000.0
000.0
000.0
001.0
001.0
001.0
001.0
001.0
001.0
000.0
000.0
000.0
092.0
092.0
092.0
179.0
211.0
202.0
114.0
197.0
175.0
000.0
000.0
000.0
000.0
000.0
000.0
000.0
000.0
000.0
000.0
000.0
000.0
000.0
000.0
000.0
000.0
000.0
000.0
000.0
000.0
000.0
000.0
000.0
000.0
000.0
000.0
000.0
000.0
000.0
000.0
000.0
000.0
000.0
000.0
000.0
000.0
000.0
000.0
000.0
000.0
000.0
000.0
000.0
000.0
000.0
000.0
000.0
000.0
023.0
020.0
049.0
077.0
064.0
135.0
079.0
066.0
135.0
137.0
142.0
103.0
000.0
000.0
000.0
000.0
000.0
000.0
000.0
000.0
000.0
000.0
000.0
000.0
000.0
000.0
000.0
000.0
000.0
000.0
000.0
000.0
000.0
000.0
000.0
000.0
000.0
000.0
000.0
000.0
000.0
000.0
000.0
000.0
000.0
000.0
000.0
000.0
000.0
000.0
000.0
000.0
000.0
000.0
000.0
000.0
000.0
000.0
000.0
000.0
000.0
000.0
000.0
000.0
000.0
000.0
000.0
000.0
000.0
000.0
000.0
000.0
000.0
000.0
000.0
000.0
000.0
000.0
000.0
000.0
000.0
000.0
000.0
000.0
000.0
000.0
000.0
000.0
000.0
000.0
000.0
000.0
000.0
000.0
000.0
000.0
000.0
000.0
000.0
000.0
000.0
000.0
000.0
000.0
000.0
000.0
000.0
000.0
000.0
000.0
000.0
000.0
000.0
000.0
000.0
000.0
000.0
000.0
000.0
000.0
000.0
000.0
000.0
000.0
000.0
000.0
000.0
000.0
000.0
000.0
000.0
000.0
000.0
000.0
000.0
000.0
000.0
000.0
000.0
000.0
000.0
000.0
000.0
000.0
000.0
000.0
000.0
000.0
000.0
000.0
000.0
000.0
000.0
000.0
000.0
000.0
000.0
000.0
000.0
000.0
000.0
000.0
000.0
000.0
000.0
000.0
000.0
000.0
000.0
000.0
000.0
000.0
000.0
000.0
000.0
000.0
000.0
000.0
000.0
000.0
072.0
082.0
048.0
130.0
140.0
125.0
072.0
043.0
109.0
000.0
000.0
000.0
000.0
000.0
000.0
000.0
000.0
000.0
000.0
000.0
000.0
000.0
000.0
000.0
000.0
000.0
000.0
000.0
000.0
000.0
000.0
000.0
000.0
000.0
000.0
000.0
000.0
000.0
000.0
000.0
000.0
000.0
000.0
000.0
000.0
000.0
000.0
000.0
000.0
000.0
000.0
000.0
000.0
000.0
000.0
000.0
000.0
000.0
000.0
000.0
000.0
000.0
000.0
000.0
000.0
000.0
000.0
000.0
000.0
001.0
001.0
001.0
001.0
001.0
001.0
000.0
000.0
000.0
000.0
000.0
000.0
000.0
000.0
000.0
000.0
000.0
000.0
000.0
000.0
000.0
000.0
000.0
000.0
000.0
000.0
000.0
000.0
000.0
000.0
000.0
000.0
000.0
000.0
000.0
000.0
000.0
000.0
000.0
000.0
000.0
000.0
000.0
000.0
000.0
000.0
000.0
000.0
000.0
000.0
000.0
001.0
001.0
001.0
001.0
001.0
001.0
000.0
000.0
000.0
000.0
000.0
000.0
000.0
000.0
000.0
000.0
000.0
000.0
000.0
000.0
000.0
000.0
000.0
000.0
000.0
000.0
000.0
000.0
000.0
000.0
000.0
000.0
000.0
000.0
000.0
000.0
000.0
000.0
000.0
000.0
000.0
000.0
000.0
000.0
000.0
000.0
000.0
000.0
000.0
000.0
000.0
000.0
000.0
000.0
000.0
000.0
000.0
000.0
000.0
000.0
000.0
000.0
000.0
075.0
079.0
081.0
108.0
136.0
088.0
000.0
000.0
000.0
000.0
000.0
000.0
000.0
000.0
000.0
000.0
000.0
000.0
000.0
000.0
000.0
000.0
000.0
000.0
000.0
000.0
000.0
000.0
000.0
000.0
000.0
000.0
000.0
000.0
000.0
000.0
000.0
000.0
000.0
000.0
000.0
000.0
000.0
000.0
000.0
000.0
000.0
000.0
000.0
000.0
000.0
000.0
000.0
000.0
000.0
000.0
000.0
000.0
000.0
000.0
000.0
000.0
000.0
000.0
000.0
000.0
000.0
000.0
000.0
000.0
000.0
000.0
000.0
000.0
000.0
000.0
000.0
000.0
000.0
000.0
000.0
000.0
000.0
000.0
000.0
000.0
000.0
000.0
000.0
000.0
000.0
000.0
000.0
000.0
000.0
000.0
000.0
000.0
000.0
000.0
000.0
000.0
000.0
000.0
000.0
000.0
000.0
000.0
000.0
000.0
000.0
000.0
000.0
000.0
000.0
000.0
000.0
000.0
000.0
000.0
000.0
000.0
000.0
000.0
000.0
000.0
000.0
000.0
000.0
000.0
000.0
000.0
000.0
000.0
000.0
000.0
000.0
000.0
000.0
000.0
000.0
000.0
000.0
000.0
000.0
000.0
000.0
000.0
000.0
000.0
000.0
000.0
000.0
000.0
000.0
000.0
000.0
000.0
000.0
000.0
000.0
000.0
000.0
000.0
000.0
000.0
000.0
000.0
000.0
000.0
000.0
000.0
000.0
000.0
000.0
000.0
000.0
000.0
000.0
000.0
000.0
000.0
000.0
001.0
003.0
001.0
000.0
000.0
000.0
000.0
000.0
000.0
000.0
000.0
000.0
000.0
000.0
000.0
000.0
000.0
000.0
000.0
000.0
000.0
000.0
000.0
000.0
000.0
000.0
000.0
000.0
000.0
000.0
000.0
000.0
000.0
000.0
000.0
000.0
000.0
000.0
000.0
000.0
000.0
000.0
000.0
000.0
000.0
000.0
000.0
000.0
000.0
000.0
000.0
000.0
000.0
000.0
000.0
000.0
000.0
001.0
001.0
002.0
001.0
001.0
001.0
000.0
000.0
000.0
000.0
000.0
000.0
000.0
000.0
000.0
000.0
000.0
000.0
000.0
000.0
000.0
000.0
000.0
000.0
000.0
000.0
000.0
000.0
000.0
000.0
000.0
000.0
000.0
000.0
000.0
000.0
000.0
000.0
000.0
000.0
000.0
000.0
000.0
000.0
000.0
000.0
000.0
000.0
000.0
000.0
000.0
000.0
000.0
000.0
000.0
000.0
000.0
000.0
000.0
000.0
000.0
000.0
000.0
000.0
000.0
001.0
005.0
005.0
005.0
000.0
000.0
000.0
000.0
000.0
000.0
000.0
000.0
000.0
000.0
000.0
000.0
000.0
000.0
000.0
000.0
000.0
000.0
000.0
000.0
000.0
000.0
000.0
000.0
000.0
000.0
000.0
000.0
000.0
000.0
000.0
000.0
000.0
000.0
000.0
000.0
000.0
000.0
000.0
000.0
000.0
000.0
000.0
000.0
000.0
000.0
000.0
000.0
000.0
000.0
000.0
000.0
000.0
000.0
000.0
000.0
000.0
000.0
000.0
000.0
000.0
000.0
000.0
000.0
000.0
000.0
000.0
000.0
000.0
000.0
000.0
000.0
000.0
000.0
000.0
000.0
000.0
000.0
000.0
000.0
000.0
000.0
000.0
000.0
000.0
000.0
000.0
000.0
000.0
000.0
000.0
000.0
000.0
000.0
000.0
000.0
000.0
000.0
000.0
000.0
000.0
000.0
000.0
000.0
001.0
001.0
001.0
001.0
001.0
001.0
000.0
000.0
000.0
000.0
000.0
000.0
000.0
000.0
000.0
000.0
000.0
000.0
000.0
000.0
000.0
000.0
000.0
000.0
000.0
000.0
000.0
000.0
000.0
000.0
000.0
000.0
000.0
000.0
000.0
000.0
000.0
000.0
000.0
000.0
000.0
000.0
000.0
000.0
000.0
000.0
000.0
000.0
000.0
000.0
000.0
000.0
000.0
000.0
000.0
000.0
000.0
000.0
000.0
000.0
000.0
000.0
000.0
000.0
000.0
000.0
000.0
000.0
000.0
000.0
000.0
000.0
000.0
000.0
000.0
000.0
000.0
000.0
000.0
003.0
004.0
002.0
004.0
004.0
004.0
000.0
000.0
000.0
000.0
000.0
000.0
000.0
000.0
000.0
000.0
000.0
000.0
000.0
000.0
000.0
000.0
000.0
000.0
000.0
000.0
000.0
000.0
000.0
000.0
000.0
000.0
000.0
000.0
000.0
000.0
000.0
000.0
000.0
000.0
000.0
000.0
000.0
000.0
000.0
000.0
000.0
000.0
000.0
000.0
000.0
000.0
000.0
000.0
000.0
000.0
000.0
000.0
000.0
000.0
000.0
000.0
000.0
000.0
000.0
000.0
000.0
000.0
000.0
000.0
000.0
000.0
000.0
000.0
000.0
000.0
000.0
000.0
000.0
000.0
000.0
000.0
000.0
000.0
000.0
000.0
000.0
000.0
000.0
000.0
000.0
000.0
000.0
000.0
000.0
000.0
000.0
000.0
000.0
003.0
003.0
002.0
005.0
005.0
004.0
000.0
000.0
000.0
000.0
000.0
000.0
000.0
000.0
000.0
000.0
000.0
000.0
000.0
000.0
000.0
000.0
000.0
000.0
000.0
000.0
000.0
000.0
000.0
000.0
000.0
000.0
000.0
000.0
000.0
000.0
000.0
000.0
000.0
000.0
000.0
000.0